1001 7723
1002 3651
1003 9577
1004 9616
1005 8383
1006 5611
1007 8450
1008 5303
1009 4717
1010 3838
1011 7855
1012 6665
1013 4752
1014 6509
1015 3320
1016 4893
1017 5772
1018 6986
1019 6695
1020 7305
1021 5961
1022 5602
1023 11059
1024 2954
1025 2412
1026 6891
1027 6127
1028 2036
1029 10451
1030 10410
1031 9755
1032 7267
1033 7144
1034 9556
1035 9607
1036 9355
1037 9020
1038 8815
1039 7708
1040 3663
1041 5979
1042 7846
1043 7701
1044 2426
1045 1801
1046 1421
1047 5615
1048 9481
1049 6793
1050 3027
1051 4462
1052 3165
1053 6696
1054 5934
1055 5516
1056 1144
1057 3739
1058 3295
1059 814
1060 1279
1061 1233
1062 3881
1063 6421
1064 4369
1065 4659
1066 1815
1067 1893
1068 1889
1069 6616
1070 4045
1071 3230
1072 5517
1073 2901
1074 8743
1075 9455
1076 8866
1077 7151
1078 4875
1079 10237
1080 11146
1081 6154
1082 6933
1083 11305
1084 5404
1085 9098
1086 7216
1087 4101
1088 2992
1089 2203
1090 2645
1091 2636
1092 3876
1093 2547
1094 1432
1095 4468
1096 1290
1097 7126
1098 2681
1099 2642
1100 8597
1101 8709
1103 9562
1104 3765
1105 3674
1106 4544
1107 3760
1108 8715
1109 9245
1110 8868
1111 6450
1112 8443
1113 7181
1114 9443
1115 8080
1116 5856
1117 5948
1118 3600
1119 4004
1120 3300
1121 5566
1122 5894
1123 9159
1124 10052
1125 8962
1126 9340
1127 9967
1128 7783
1130 8855
1131 7245
1132 5378
1133 9215
1134 9470
1135 8435
1136 6943
1137 4978
1138 9827
1139 9388
1140 5130
1141 11564
1142 9402
1143 8908
1144 8363
1145 8606
1146 8983
1147 7429
1148 9906
1149 5019
1150 4153
1151 9428
1152 10764
1153 11426
1154 7579
1155 5222
1156 9949
1157 12963
1158 11847
1159 9175
1160 7358
1161 8608
1162 7211
1163 10055
1164 5011
1165 2185
1166 8051
1167 9580
1168 8991
1169 7774
1170 7182
1171 4467
1172 3038
1173 9084
1174 4248
1175 9517
1176 6025
1177 5815
1178 8156
1179 11374
1180 5827
1181 9044
1182 8424
1183 9466
1184 5771
1185 1252
1186 5412
1187 11171
1188 11091
1189 2626
1190 10165
1191 9061
1192 9816
1193 9425
1194 8624
1195 9988
1196 7779
1197 3929
1199 7560
1200 6099
1201 4008
1202 4027
1203 194
1204 5561
1205 2423
1206 3359
1207 8001
1208 4802
1209 9135
1211 5511
1212 6685
1213 5892
1214 8693
1215 5706
1216 2452
1217 4233
1218 9278
1219 7232
1220 8840
1221 7790
1222 8675
1223 11609
1224 9491
1225 9548
1226 10208
1227 9651
1228 8219
1229 9554
1230 7723
1231 6507
1232 10433
1233 8007
1234 8875
1235 6739
1236 3603
1237 3631
1238 4352
1239 6748
1240 9217
1241 10945
1242 6480
1243 4640
1244 4709
1245 6671
1246 8694
1247 11620
1248 6092
1249 14332
1250 4843
1251 6898
1252 8668
1253 7053
1254 9574
1255 8552
1256 3939
1257 5052
1258 9047
1259 8014
1260 6225
1261 6213
1262 5998
1263 6301
1264 6818
1265 5974
1266 5162
1267 8645
1268 9037
1269 9279
1270 8575
1271 9262
1272 9077
1273 11460
1274 11569
1275 10845
1276 9781
1277 6867
1278 7455
1279 8541
1280 11368
1281 8470
1282 8674
1283 8259
1284 10015
1285 9598
1286 10427
1287 9829
1288 9682
1289 8519
1290 7408
1291 5127
1292 7486
1293 14450
1294 8453
1295 9365
1296 10614
1297 11728
1298 8855
1299 12346
1300 10487
1301 12798
1302 11486
1303 12770
1304 741
1305 6113
1306 3944
