     otime                                        lon           lat        dep(km)   M
  1  20190211000643754  2019-02-11T00:06:43.754  -148.924400    64.900700  21708.3   0.51
  2  20190211010423585  2019-02-11T01:04:23.585  -149.129300    64.812700  20007.7   0.50
  3  20190211035203898  2019-02-11T03:52:03.898  -149.121900    64.789800  23222.9   0.36
  4  20190211042036842  2019-02-11T04:20:36.842  -148.282200    64.183000   9222.0   0.92
  5  20190211061016167  2019-02-11T06:10:16.167  -150.323900    62.115300  53674.2   1.67
  6  20190211061303842  2019-02-11T06:13:03.842  -148.310400    64.392700  14370.3   0.71
  7  20190211093605258  2019-02-11T09:36:05.258  -148.826000    62.621400  51591.3   1.36
  8  20190211094243534  2019-02-11T09:42:43.534  -149.391200    63.515100  95458.9   1.29
  9  20190211100114432  2019-02-11T10:01:14.432  -148.975100    63.518600  11682.9   2.16
 10  20190211102724438  2019-02-11T10:27:24.438  -150.550400    63.235700 123593.6   2.33
 11  20190211104407979  2019-02-11T10:44:07.979  -149.268500    62.693500   2839.1   1.47
 12  20190211113445590  2019-02-11T11:34:45.590  -150.897700    63.138700 125162.0   2.08
 13  20190211140854549  2019-02-11T14:08:54.549  -149.447400    62.338700  46823.4   1.31
 14  20190211145512314  2019-02-11T14:55:12.314  -149.771600    64.690600  12407.4   0.42
 15  20190211172344617  2019-02-11T17:23:44.617  -148.945000    64.935800  23840.6   0.49
 16  20190211174348149  2019-02-11T17:43:48.149  -148.314800    62.075900  36218.3   1.29
 17  20190211184718399  2019-02-11T18:47:18.399  -150.659400    62.992500 107982.0   1.40
 18  20190211190306695  2019-02-11T19:03:06.695  -149.326000    62.549900  55873.7   2.62
 19  20190212000638844  2019-02-12T00:06:38.844  -149.049300    63.486000   4420.3   1.26
 20  20190212002734791  2019-02-12T00:27:34.791  -149.539100    62.830500  76906.3   1.16
 21  20190212020501014  2019-02-12T02:05:01.014  -149.299200    62.544200  59892.0   1.20
 22  20190212042057695  2019-02-12T04:20:57.695  -149.776300    62.035300  43597.8   1.24
 23  20190212045445542  2019-02-12T04:54:45.542  -150.486000    62.887800  90658.5   1.69
 24  20190212045606284  2019-02-12T04:56:06.284  -150.497100    63.121200 106109.5   1.25
 25  20190212054941196  2019-02-12T05:49:41.196  -149.397300    64.632200  20479.2   1.34
 26  20190212062739537  2019-02-12T06:27:39.537  -150.046900    62.148300  13499.7   1.29
 27  20190212082828465  2019-02-12T08:28:28.465  -149.043600    64.937300  21719.3   2.48
 28  20190212113020511  2019-02-12T11:30:20.511  -149.067500    64.704700  11720.8   0.06
 29  20190212135606960  2019-02-12T13:56:06.960  -148.942300    64.891700  13300.2   0.49
 30  20190212163635199  2019-02-12T16:36:35.199  -148.948700    62.117600   6720.2   1.63
 31  20190212171029259  2019-02-12T17:10:29.259  -148.140100    62.165700  14411.0   1.49
 32  20190212171154998  2019-02-12T17:11:54.998  -148.173700    62.181000  14196.4   1.19
 33  20190213013558231  2019-02-13T01:35:58.231  -149.970000    64.638700  15365.2   1.14
 34  20190213070407036  2019-02-13T07:04:07.036  -150.539800    62.046700  57817.2   0.95
 35  20190213071057989  2019-02-13T07:10:57.989  -150.657800    63.097300 113060.0   1.91
 36  20190213093440314  2019-02-13T09:34:40.314  -148.965600    62.684500   3033.8   1.89
 37  20190213121448925  2019-02-13T12:14:48.925  -149.546400    62.108800  59244.5   1.12
 38  20190213150015222  2019-02-13T15:00:15.222  -150.617800    62.945900   8171.9   1.29
 39  20190213155038776  2019-02-13T15:50:38.776  -149.666600    62.200000  58866.5   1.29
 40  20190213165617371  2019-02-13T16:56:17.371  -150.565600    63.117500 102595.5   1.28
 41  20190213180206373  2019-02-13T18:02:06.373  -150.907700    64.975000  19005.1   0.78
 42  20190213182506286  2019-02-13T18:25:06.286  -150.966200    63.311200  15510.1   0.53
 43  20190213212335104  2019-02-13T21:23:35.104  -150.725900    63.093000 113361.2   1.46
 44  20190213235353608  2019-02-13T23:53:53.608  -150.241200    62.172400  10295.0   1.34
 45  20190214023221292  2019-02-14T02:32:21.292  -149.644600    63.340300  96233.0   1.36
 46  20190214031358922  2019-02-14T03:13:58.922  -150.706100    63.571100  18784.7   1.27
 47  20190214055630599  2019-02-14T05:56:30.599  -149.064900    64.726800  17511.5   0.46
 48  20190214090225600  2019-02-14T09:02:25.600  -149.280400    64.714700  20663.2   0.51
 49  20190214110141544  2019-02-14T11:01:41.544  -150.881900    62.256400  73704.3   1.40
 50  20190214161529751  2019-02-14T16:15:29.751  -150.193900    62.173300  13404.3   1.19
 51  20190214170205262  2019-02-14T17:02:05.262  -148.403300    64.333200  11496.6   0.91
 52  20190214170836222  2019-02-14T17:08:36.222  -149.615500    64.619200  12047.0   0.33
 53  20190214171341060  2019-02-14T17:13:41.060  -149.570600    64.629400  10644.4   0.38
 54  20190214175214434  2019-02-14T17:52:14.434  -148.370900    64.265400  10764.2   0.49
 55  20190214193312678  2019-02-14T19:33:12.678  -149.533900    64.820600  18711.8   0.29
 56  20190214210144606  2019-02-14T21:01:44.606  -150.618500    63.120600 109882.0   1.44
 57  20190214235345632  2019-02-14T23:53:45.632  -150.019900    64.217800  17379.8   0.81
 58  20190215023134773  2019-02-15T02:31:34.773  -149.304800    64.613800  16433.1   0.94
 59  20190215040712828  2019-02-15T04:07:12.828  -150.211400    62.891800  79384.9   2.43
 60  20190215113831863  2019-02-15T11:38:31.863  -150.571400    64.805500   8649.3   0.90
 61  20190215130751164  2019-02-15T13:07:51.164  -149.165200    64.690200   7696.6   0.02
 62  20190215140128640  2019-02-15T14:01:28.640  -150.993900    63.286000   1269.6   1.39
 63  20190215143249614  2019-02-15T14:32:49.614  -149.046000    64.916000  21629.0   0.39
 64  20190215151231136  2019-02-15T15:12:31.136  -149.128500    64.953900  17139.9   0.39
 65  20190215163829605  2019-02-15T16:38:29.605  -150.963700    62.270300  71150.2   1.45
 66  20190215170920265  2019-02-15T17:09:20.265  -149.819400    63.652800   7532.3   1.85
 67  20190215173038690  2019-02-15T17:30:38.690  -148.104800    63.464400   1626.4   1.22
 68  20190215173040797  2019-02-15T17:30:40.797  -149.284700    64.569200  17011.3   0.57
 69  20190215224100242  2019-02-15T22:41:00.242  -149.981200    64.638500  20294.4   0.67
 70  20190215231304723  2019-02-15T23:13:04.723  -150.141200    63.219600  98338.3   1.76
 71  20190215232533158  2019-02-15T23:25:33.158  -149.794300    64.586700  10813.3   0.93
 72  20190216000459570  2019-02-16T00:04:59.570  -148.888600    64.756300  18190.5   0.42
 73  20190216030515401  2019-02-16T03:05:15.401  -148.826800    63.847600 113135.5   1.76
 74  20190216032338513  2019-02-16T03:23:38.513  -149.284200    63.564000 100049.6   1.47
 75  20190216035637537  2019-02-16T03:56:37.537  -148.982500    64.706000  13496.5   0.32
 76  20190216070704188  2019-02-16T07:07:04.188  -149.762600    63.105000   5560.0   2.31
 77  20190216074710375  2019-02-16T07:47:10.375  -150.736800    62.220200  64640.7   1.22
 78  20190216093924062  2019-02-16T09:39:24.062  -148.431400    62.268600  29957.9   1.09
 79  20190216102055000  2019-02-16T10:20:55.000  -150.657600    62.054400   5060.6   1.36
 80  20190216112418579  2019-02-16T11:24:18.579  -150.037000    62.152300   7984.1   1.49
 81  20190216112731553  2019-02-16T11:27:31.553  -148.213300    64.616700   2124.4   1.31
 82  20190216114516436  2019-02-16T11:45:16.436  -149.768800    62.030000  35555.8   1.14
 83  20190216123149455  2019-02-16T12:31:49.455  -150.967900    62.167500  64310.3   1.25
 84  20190216160237511  2019-02-16T16:02:37.511  -149.469800    62.808800  67404.5   1.38
 85  20190216184726397  2019-02-16T18:47:26.397  -148.614000    63.588000   5428.6   1.23
 86  20190216215145255  2019-02-16T21:51:45.255  -148.700200    64.845900  12685.6   1.15
 87  20190216225325012  2019-02-16T22:53:25.012  -149.862100    64.757200  24246.4   0.39
 88  20190216231509262  2019-02-16T23:15:09.262  -149.095700    64.693900  14559.0   0.75
 89  20190217014743859  2019-02-17T01:47:43.859  -150.204300    63.473100 115294.6   1.38
 90  20190217015846801  2019-02-17T01:58:46.801  -150.658800    63.532400  16155.1   0.79
 91  20190217072006402  2019-02-17T07:20:06.402  -150.740800    63.189500 125204.6   1.74
 92  20190217153456172  2019-02-17T15:34:56.172  -150.507000    63.236200 121836.7   2.12
 93  20190217180056778  2019-02-17T18:00:56.778  -150.453300    63.197300 113577.3   1.84
 94  20190217213528460  2019-02-17T21:35:28.460  -150.244300    62.815400  79099.6   2.18
 95  20190218012633381  2019-02-18T01:26:33.381  -150.746600    63.041500 100734.2   1.53
 96  20190218035856158  2019-02-18T03:58:56.158  -150.925100    64.618000  18193.5   1.64
 97  20190218041331273  2019-02-18T04:13:31.273  -150.252600    62.288000  55890.1   1.63
 98  20190218062609931  2019-02-18T06:26:09.931  -149.019100    64.751900   9167.8   0.08
 99  20190218105732086  2019-02-18T10:57:32.086  -148.969000    64.963300  16714.1   0.41
100  20190218113018081  2019-02-18T11:30:18.081  -148.549500    62.405100  13113.1   1.60
101  20190218122909975  2019-02-18T12:29:09.975  -149.257200    64.746600  27060.8   0.27
102  20190218123548494  2019-02-18T12:35:48.494  -148.517700    64.947400  16135.0   0.48
103  20190218124320512  2019-02-18T12:43:20.512  -150.512500    63.030300 100458.0   1.37
104  20190218132829861  2019-02-18T13:28:29.861  -150.048600    64.231300  17184.6   0.94
105  20190218140830917  2019-02-18T14:08:30.917  -148.182600    64.343000  11820.9   0.98
106  20190218142150281  2019-02-18T14:21:50.281  -149.324300    64.647600  12915.9   0.10
107  20190218145239017  2019-02-18T14:52:39.017  -149.405500    63.361100    439.3   1.34
108  20190218155339070  2019-02-18T15:53:39.070  -150.970500    63.324700   2697.5   1.08
109  20190218162355154  2019-02-18T16:23:55.154  -149.521600    64.969800  18250.1   0.74
110  20190218170036827  2019-02-18T17:00:36.827  -148.976400    64.858700  16465.4   0.27
111  20190218190751352  2019-02-18T19:07:51.352  -150.378100    63.117000 100951.6   1.84
112  20190218205016004  2019-02-18T20:50:16.004  -148.907800    64.993100  22578.9   0.45
113  20190218224358852  2019-02-18T22:43:58.852  -148.911700    64.749100  17629.6   0.38
114  20190218225218941  2019-02-18T22:52:18.941  -150.649300    63.183300 115694.0   1.52
115  20190218233052262  2019-02-18T23:30:52.262  -150.671700    63.059000 103709.0   1.32
116  20190219004045319  2019-02-19T00:40:45.319  -149.219100    64.783500  18010.4   0.19
117  20190219011716658  2019-02-19T01:17:16.658  -149.467000    64.486800  14990.5   0.68
118  20190219020636449  2019-02-19T02:06:36.449  -149.162000    64.568000  14752.8   0.37
119  20190219025330624  2019-02-19T02:53:30.624  -149.468000    62.090800  45625.2   2.40
120  20190219050955231  2019-02-19T05:09:55.231  -149.753200    63.827800   1111.3   0.77
121  20190219061656110  2019-02-19T06:16:56.110  -150.005500    63.385200  12746.1   0.72
122  20190219065721724  2019-02-19T06:57:21.724  -149.390200    62.857500  68448.4   1.50
123  20190219072849075  2019-02-19T07:28:49.075  -150.725600    63.088900 116246.6   1.35
124  20190219082924177  2019-02-19T08:29:24.177  -150.414500    63.253200 114935.8   2.05
125  20190219083129579  2019-02-19T08:31:29.579  -150.471500    63.185400 117204.9   1.51
126  20190219084450664  2019-02-19T08:44:50.664  -149.229600    63.848600 108162.4   1.39
127  20190219123838637  2019-02-19T12:38:38.637  -149.058500    64.685200  13782.0   0.29
128  20190219173504590  2019-02-19T17:35:04.590  -148.105700    64.798000  10165.4   0.55
129  20190219183442017  2019-02-19T18:34:42.017  -149.391100    64.669100  20110.4   1.02
130  20190219205232920  2019-02-19T20:52:32.920  -150.015600    62.152600  16091.8   1.09
131  20190219225535122  2019-02-19T22:55:35.122  -149.376500    62.073300  51170.5   1.42
132  20190220015609393  2019-02-20T01:56:09.393  -149.022400    62.356000  43120.9   2.29
133  20190220114318740  2019-02-20T11:43:18.740  -148.099300    64.784700  10000.0   0.43
134  20190220115201566  2019-02-20T11:52:01.566  -150.458700    63.287000 117550.4   1.35
135  20190220130205650  2019-02-20T13:02:05.650  -150.521800    62.638300  74707.8   1.50
136  20190220133439205  2019-02-20T13:34:39.205  -150.128900    62.437800  13647.2   1.19
137  20190220174057002  2019-02-20T17:40:57.002  -149.316900    62.313500  46103.3   1.41
138  20190220200657280  2019-02-20T20:06:57.280  -150.298400    62.742600  74634.8   1.30
139  20190220211312749  2019-02-20T21:13:12.749  -150.200800    62.202700   7843.6   1.10
140  20190220221536345  2019-02-20T22:15:36.345  -150.696500    62.922400  94849.8   1.40
141  20190220233917476  2019-02-20T23:39:17.476  -149.911400    64.235300  20742.8   0.82
142  20190221064233366  2019-02-21T06:42:33.366  -148.709000    63.957300 112275.0   1.34
143  20190221071925236  2019-02-21T07:19:25.236  -149.973800    64.627900  20088.5   0.73
144  20190221080138956  2019-02-21T08:01:38.956  -150.620000    63.115200 111248.1   2.02
145  20190221082723823  2019-02-21T08:27:23.823  -150.885200    63.478800   6892.6   1.28
146  20190221113139573  2019-02-21T11:31:39.573  -148.464100    63.739100  91430.4   1.11
147  20190221140538840  2019-02-21T14:05:38.840  -149.269300    64.727800  25346.4   0.43
148  20190221151803557  2019-02-21T15:18:03.557  -148.966200    64.860700  22387.5   0.41
149  20190221154509566  2019-02-21T15:45:09.566  -149.341600    64.490200  15464.3   0.61
150  20190221154833698  2019-02-21T15:48:33.698  -149.413600    64.609100  18400.5   0.36
151  20190221155732141  2019-02-21T15:57:32.141  -150.321700    62.093900  10772.9   1.24
152  20190221162534111  2019-02-21T16:25:34.111  -150.746100    62.538300  80917.7   2.34
153  20190221175300847  2019-02-21T17:53:00.847  -148.883300    64.919200  17905.0   0.49
154  20190221205430656  2019-02-21T20:54:30.656  -149.996400    64.167300  10575.9   1.72
155  20190221225106937  2019-02-21T22:51:06.937  -150.621200    62.821900  84696.5   1.65
156  20190222012407991  2019-02-22T01:24:07.991  -148.819800    62.027800  30737.8   1.56
157  20190222032328638  2019-02-22T03:23:28.638  -148.885000    64.899700  13114.6   0.41
158  20190222041729441  2019-02-22T04:17:29.441  -150.713900    62.200400  64210.6   1.62
159  20190222043244172  2019-02-22T04:32:44.172  -149.903000    63.475500 107014.5   1.41
160  20190222053255395  2019-02-22T05:32:55.395  -149.646900    64.688300  22896.9   0.43
161  20190222065102336  2019-02-22T06:51:02.336  -149.081600    63.500600   4891.4   1.43
162  20190222070610524  2019-02-22T07:06:10.524  -148.907500    64.916100  17122.5   0.58
163  20190222072630906  2019-02-22T07:26:30.906  -150.008300    64.636400  23613.4   0.62
164  20190222082703949  2019-02-22T08:27:03.949  -148.806500    64.777200  18471.9   0.58
165  20190222085327107  2019-02-22T08:53:27.107  -149.194200    64.816600  22265.3   0.40
166  20190222091302423  2019-02-22T09:13:02.423  -148.839600    63.946000 110959.9   1.79
167  20190222102710090  2019-02-22T10:27:10.090  -150.721900    62.969300 100520.7   1.86
168  20190222142157765  2019-02-22T14:21:57.765  -148.743500    62.844100  15820.7   1.87
169  20190222152111337  2019-02-22T15:21:11.337  -148.460500    64.998300  16292.9   0.55
170  20190222152832425  2019-02-22T15:28:32.425  -150.442800    62.055500  52287.5   1.34
171  20190222161511356  2019-02-22T16:15:11.356  -148.983600    62.876600   1437.3   1.35
172  20190222173449307  2019-02-22T17:34:49.307  -150.334000    64.681200   9759.9   0.74
173  20190222183109781  2019-02-22T18:31:09.781  -150.104700    64.419200  21010.6   0.75
174  20190222193927512  2019-02-22T19:39:27.512  -150.767500    62.999600 111720.1   1.71
175  20190222203709625  2019-02-22T20:37:09.625  -149.110700    64.705300  19520.0   2.26
176  20190222204126490  2019-02-22T20:41:26.490  -149.106300    64.695100  18010.6   1.55
177  20190222204636588  2019-02-22T20:46:36.588  -149.095800    64.711700  19851.4   0.75
178  20190222205518640  2019-02-22T20:55:18.640  -149.161000    64.709400  20038.7   1.27
179  20190222210345863  2019-02-22T21:03:45.863  -149.094900    64.703800  19203.9   0.88
180  20190222222042682  2019-02-22T22:20:42.682  -149.158000    64.715300  19948.3   0.86
181  20190222225227587  2019-02-22T22:52:27.587  -148.536600    64.961600   7190.7   1.06
182  20190223002408458  2019-02-23T00:24:08.458  -149.736300    62.237200   4010.9   1.16
183  20190223023626415  2019-02-23T02:36:26.415  -148.869200    64.795500  15934.7   0.42
184  20190223055919066  2019-02-23T05:59:19.066  -149.673300    63.129700  82486.0   1.53
185  20190223075939733  2019-02-23T07:59:39.733  -148.221400    64.370300  19453.9   2.32
186  20190223083421849  2019-02-23T08:34:21.849  -150.860400    62.917000      0.0   1.36
187  20190223113949886  2019-02-23T11:39:49.886  -149.117800    64.731600  20306.5   2.39
188  20190223114158361  2019-02-23T11:41:58.361  -149.145400    64.708200  20195.9   1.10
189  20190223132950195  2019-02-23T13:29:50.195  -148.934400    64.755000  21462.0   1.03
190  20190223142936741  2019-02-23T14:29:36.741  -148.907200    64.980900  19372.1   0.42
191  20190223144418125  2019-02-23T14:44:18.125  -149.095700    64.836500  20891.7   0.70
192  20190223151758899  2019-02-23T15:17:58.899  -149.762100    62.207500   5937.6   1.02
193  20190223173456973  2019-02-23T17:34:56.973  -148.582600    64.895500  16670.4   0.48
194  20190223221350542  2019-02-23T22:13:50.542  -148.087700    62.176800  13386.9   1.08
195  20190223225832616  2019-02-23T22:58:32.616  -149.171700    64.695700  19929.5   0.37
196  20190224001105481  2019-02-24T00:11:05.481  -150.174200    62.922500  81971.9   1.08
197  20190224004908201  2019-02-24T00:49:08.201  -150.437100    63.239100 126077.6   1.42
198  20190224033826323  2019-02-24T03:38:26.323  -150.498700    63.075800 104859.3   1.51
199  20190224055422418  2019-02-24T05:54:22.418  -150.348600    62.240700  55684.1   1.92
200  20190224064530968  2019-02-24T06:45:30.968  -149.109900    64.711800  23863.7   0.56
201  20190224065835780  2019-02-24T06:58:35.780  -148.926300    64.911300  17875.0   1.23
202  20190224071647785  2019-02-24T07:16:47.785  -149.391000    64.606300  19444.9   0.98
203  20190224085634138  2019-02-24T08:56:34.138  -150.995500    63.117500 122745.9   1.44
204  20190224085721670  2019-02-24T08:57:21.670  -148.762700    62.121300  27796.8   1.55
205  20190224100327387  2019-02-24T10:03:27.387  -150.386400    63.212000 111401.0   1.38
206  20190224105058885  2019-02-24T10:50:58.885  -148.944700    64.758900  15201.4   1.00
207  20190224130603044  2019-02-24T13:06:03.044  -149.914500    63.306500 103058.6   1.75
208  20190224131838001  2019-02-24T13:18:38.001  -150.780300    62.945000 100765.2   1.30
209  20190224143203877  2019-02-24T14:32:03.877  -150.862800    62.892000  94503.2   1.49
210  20190224160049160  2019-02-24T16:00:49.160  -150.841900    63.261800 127398.6   1.23
211  20190224175918323  2019-02-24T17:59:18.323  -150.027300    64.180600  11660.9   0.85
212  20190224182312256  2019-02-24T18:23:12.256  -149.406300    64.488300  18622.9   0.55
213  20190224192911961  2019-02-24T19:29:11.961  -149.035500    64.789700  23147.9   0.31
214  20190224194023303  2019-02-24T19:40:23.303  -149.649500    63.015400  88916.2   1.36
215  20190224200937389  2019-02-24T20:09:37.389  -148.912800    64.079300 117887.6   1.25
216  20190224202914919  2019-02-24T20:29:14.919  -150.053800    64.625000  14517.1   0.93
217  20190224203725898  2019-02-24T20:37:25.898  -148.924000    64.893800  25598.2   0.42
218  20190224224542745  2019-02-24T22:45:42.745  -150.611500    63.168800 120635.5   1.38
219  20190224225112631  2019-02-24T22:51:12.631  -148.186700    63.485700   7164.3   1.70
220  20190224234247038  2019-02-24T23:42:47.038  -149.258600    62.215400  34421.1   2.19
221  20190225010039072  2019-02-25T01:00:39.072  -150.525600    63.254800 130589.3   1.58
222  20190225011850333  2019-02-25T01:18:50.333  -150.422300    63.054600 105222.3   1.11
223  20190225015820521  2019-02-25T01:58:20.521  -149.969900    62.204100  59363.5   1.63
224  20190225022125129  2019-02-25T02:21:25.129  -149.148200    64.710600  21333.4   2.27
225  20190225031307684  2019-02-25T03:13:07.684  -150.840600    63.106400 122709.9   1.28
226  20190225033334272  2019-02-25T03:33:34.272  -148.942300    64.768100  15647.0   1.24
227  20190225034713761  2019-02-25T03:47:13.761  -149.113600    64.646900  17760.1   0.30
228  20190225040750600  2019-02-25T04:07:50.600  -149.836900    62.036000  43764.0   1.34
229  20190225044319631  2019-02-25T04:43:19.631  -150.811200    62.868600  96420.1   1.19
230  20190225054552840  2019-02-25T05:45:52.840  -150.006600    63.360200   2787.1   1.76
231  20190225063718839  2019-02-25T06:37:18.839  -148.725100    64.900400  10000.0   0.31
232  20190225074712149  2019-02-25T07:47:12.149  -149.084200    64.693900  21083.3   0.37
233  20190225085217304  2019-02-25T08:52:17.304  -149.453300    62.935900  78091.9   2.34
234  20190225091956677  2019-02-25T09:19:56.677  -150.212700    62.536900  20005.9   1.18
235  20190225101856270  2019-02-25T10:18:56.270  -149.884200    62.826600  70093.4   1.45
236  20190225125243265  2019-02-25T12:52:43.265  -148.961600    64.822500  19912.7   0.32
237  20190225134248832  2019-02-25T13:42:48.832  -150.965200    62.037500  67996.4   1.37
238  20190225142818876  2019-02-25T14:28:18.876  -148.970800    64.833200  19796.0   0.44
239  20190225161723273  2019-02-25T16:17:23.273  -149.753300    62.635500  14093.7   0.98
240  20190225172551700  2019-02-25T17:25:51.700  -148.841600    64.905200  18220.3   0.52
241  20190225182230737  2019-02-25T18:22:30.737  -149.657400    62.786800  74478.7   3.12
242  20190225195032254  2019-02-25T19:50:32.254  -150.369900    62.949600  86808.2   1.42
243  20190225195746380  2019-02-25T19:57:46.380  -149.113900    64.841000  21895.2   0.33
244  20190225201337833  2019-02-25T20:13:37.833  -148.414200    63.775100  86649.4   0.94
245  20190225212142035  2019-02-25T21:21:42.035  -149.620900    62.893300  83137.7   1.76
246  20190225215644250  2019-02-25T21:56:44.250  -148.628300    62.056200  37038.6   1.17
247  20190226005611921  2019-02-26T00:56:11.921  -150.072600    62.391900  11702.9   0.99
248  20190226011723072  2019-02-26T01:17:23.072  -148.008100    64.871800  23408.2   0.50
249  20190226031218075  2019-02-26T03:12:18.075  -149.360300    64.671300  18741.2   1.33
250  20190226051944151  2019-02-26T05:19:44.151  -148.568700    62.077800  19948.1   2.25
251  20190226054657552  2019-02-26T05:46:57.552  -148.965500    64.842900  17635.5   1.32
252  20190226055303956  2019-02-26T05:53:03.956  -148.328700    62.032300  36591.3   1.40
253  20190226065920437  2019-02-26T06:59:20.437  -149.663700    62.244500  55069.6   1.23
254  20190226071109553  2019-02-26T07:11:09.553  -149.087800    64.620400  15230.4   0.28
255  20190226073718216  2019-02-26T07:37:18.216  -150.585200    63.225100 128907.1   1.64
256  20190226083143471  2019-02-26T08:31:43.471  -149.155800    64.784200  19261.6   0.60
257  20190226101851870  2019-02-26T10:18:51.870  -149.177000    64.574200  13867.4   0.03
258  20190226103733682  2019-02-26T10:37:33.682  -150.962100    64.726700   7995.4   0.81
259  20190226112907378  2019-02-26T11:29:07.378  -150.465700    63.234100 127681.4   1.80
260  20190226121506097  2019-02-26T12:15:06.097  -149.668300    64.335900  10940.1   1.06
261  20190226124636889  2019-02-26T12:46:36.889  -150.280500    62.073300   9657.2   1.44
262  20190226141229287  2019-02-26T14:12:29.287  -149.821500    63.490800   4019.4   1.39
263  20190226145900521  2019-02-26T14:59:00.521  -149.032500    64.961200   7418.4   0.84
264  20190226154207352  2019-02-26T15:42:07.352  -149.923400    64.677200  19084.4   0.52
265  20190226191911257  2019-02-26T19:19:11.257  -149.940400    63.008700  88233.6   1.34
266  20190226194411598  2019-02-26T19:44:11.598  -149.860100    63.057700  88527.8   1.69
267  20190226222242160  2019-02-26T22:22:42.160  -150.144100    62.155000   4421.9   0.91
268  20190226232933152  2019-02-26T23:29:33.152  -149.191700    64.604700  16798.2   0.18
269  20190227002442372  2019-02-27T00:24:42.372  -148.070100    62.367700   8256.8   1.11
270  20190227003816607  2019-02-27T00:38:16.607  -149.912000    62.004600  44991.4   0.92
271  20190227014339036  2019-02-27T01:43:39.036  -149.257300    63.016200  79272.2   1.15
272  20190227020305777  2019-02-27T02:03:05.777  -148.301800    64.889100    486.4   0.33
273  20190227021654502  2019-02-27T02:16:54.502  -148.955600    64.821000  19762.7   0.31
274  20190227044456860  2019-02-27T04:44:56.860  -149.785300    62.961200  86147.8   1.18
275  20190227045357085  2019-02-27T04:53:57.085  -148.931700    64.498500  12124.1   0.46
276  20190227084044869  2019-02-27T08:40:44.869  -149.180800    62.243000  45827.3   1.00
277  20190227085249741  2019-02-27T08:52:49.741  -150.178200    63.147400  93917.8   1.44
278  20190227085534058  2019-02-27T08:55:34.058  -149.486100    62.874200  75787.0   1.77
279  20190227092611429  2019-02-27T09:26:11.429  -150.029200    62.285400   9475.9   1.07
280  20190227094520082  2019-02-27T09:45:20.082  -148.997400    63.508700  13186.0   0.74
281  20190227094733093  2019-02-27T09:47:33.093  -149.015500    63.544700  16000.2   1.06
282  20190227110000740  2019-02-27T11:00:00.740  -149.490500    62.127600  43830.7   1.11
283  20190227111421760  2019-02-27T11:14:21.760  -149.188300    64.719300  17151.1   0.04
284  20190227112535113  2019-02-27T11:25:35.113  -149.364500    64.522300  13108.9   0.24
285  20190227133846467  2019-02-27T13:38:46.467  -149.051100    64.813400  18934.9   0.17
286  20190227135151401  2019-02-27T13:51:51.401  -149.315100    62.686800  62010.2   1.19
287  20190227145958199  2019-02-27T14:59:58.199  -148.985600    63.512300  12407.2   0.60
288  20190227155829165  2019-02-27T15:58:29.165  -148.560200    63.400500  14171.5   1.52
289  20190227175256105  2019-02-27T17:52:56.105  -148.981500    63.508800  12635.6   0.65
290  20190227203112411  2019-02-27T20:31:12.411  -148.868200    62.888100  58825.7   1.11
291  20190227203839776  2019-02-27T20:38:39.776  -148.547300    62.168200  31617.0   1.79
292  20190227212830991  2019-02-27T21:28:30.991  -150.146900    63.324000   7949.0   0.83
293  20190227215104845  2019-02-27T21:51:04.845  -150.551500    63.152900 115419.7   1.69
294  20190227225336292  2019-02-27T22:53:36.292  -150.530600    62.430800  61792.6   1.17
295  20190227231306846  2019-02-27T23:13:06.846  -149.556200    63.513200 104395.9   1.33
296  20190227234238712  2019-02-27T23:42:38.712  -150.931600    62.952200 103663.0   1.20
297  20190228013401058  2019-02-28T01:34:01.058  -148.982600    64.894500  13630.5   0.23
298  20190228073703193  2019-02-28T07:37:03.193  -149.092900    63.790100  11254.1   0.92
299  20190228082423100  2019-02-28T08:24:23.100  -148.810000    62.913000  77880.9   1.52
300  20190228091335988  2019-02-28T09:13:35.988  -150.528800    63.265800 126523.3   1.55
301  20190228094411383  2019-02-28T09:44:11.383  -150.862200    63.016900   2595.9   1.09
302  20190228111842663  2019-02-28T11:18:42.663  -149.734500    62.893900  71721.1   1.35
303  20190228125159657  2019-02-28T12:51:59.657  -149.053900    64.847300  22581.3   0.33
304  20190228125818398  2019-02-28T12:58:18.398  -148.744000    64.768700  21389.2   0.39
305  20190228135704402  2019-02-28T13:57:04.402  -149.963600    62.165900  54753.4   1.33
306  20190228162551422  2019-02-28T16:25:51.422  -149.474600    62.067700  35904.3   2.30
307  20190228184316891  2019-02-28T18:43:16.891  -149.312300    64.655800  17802.6   0.42
308  20190228195653855  2019-02-28T19:56:53.855  -148.583000    62.202700  18662.1   1.61
309  20190228201212238  2019-02-28T20:12:12.238  -148.644800    64.881900   5430.1   0.47
310  20190228205905201  2019-02-28T20:59:05.201  -148.398400    63.560100   4378.9   2.57
311  20190301044806989  2019-03-01T04:48:06.989  -149.063500    64.860300  21977.7   0.38
312  20190301074043823  2019-03-01T07:40:43.823  -149.157200    64.705400  13579.1   0.18
313  20190301081001450  2019-03-01T08:10:01.450  -150.991700    63.027500 115052.7   1.63
314  20190301082149797  2019-03-01T08:21:49.797  -150.491200    62.035200  52449.4   1.09
315  20190301100331292  2019-03-01T10:03:31.292  -150.523700    63.261300 119989.2   1.58
316  20190301102104801  2019-03-01T10:21:04.801  -150.040000    63.049400  91444.0   1.35
317  20190301162725550  2019-03-01T16:27:25.550  -148.975000    64.686200  16095.5   0.26
318  20190301182624940  2019-03-01T18:26:24.940  -148.233100    62.306500  11701.4   1.22
319  20190301182926289  2019-03-01T18:29:26.289  -150.894700    63.469900   3923.6   0.91
320  20190301204704358  2019-03-01T20:47:04.358  -148.988400    64.775200  18394.5   0.61
321  20190301221543771  2019-03-01T22:15:43.771  -149.167800    62.320500   6858.5   1.49
322  20190301235801692  2019-03-01T23:58:01.692  -150.808600    62.986900 105797.6   1.09
323  20190302000859081  2019-03-02T00:08:59.081  -148.905900    64.734400  17050.1   0.26
324  20190302004749551  2019-03-02T00:47:49.551  -149.365100    64.741400  22571.2   0.19
325  20190302011048854  2019-03-02T01:10:48.854  -150.765400    63.566800   7152.6   1.00
326  20190302023209493  2019-03-02T02:32:09.493  -150.299200    62.710400  78567.0   1.32
327  20190302043710513  2019-03-02T04:37:10.513  -149.294700    62.332700   4031.4   1.15
328  20190302063759808  2019-03-02T06:37:59.808  -149.232400    64.738800  25526.4   0.36
329  20190302072128682  2019-03-02T07:21:28.682  -149.534800    62.131200  43558.9   1.14
330  20190302074251074  2019-03-02T07:42:51.074  -150.988600    63.281300   4126.2   0.95
331  20190302080733636  2019-03-02T08:07:33.636  -150.592000    63.255500 126659.9   1.16
332  20190302090429239  2019-03-02T09:04:29.239  -149.713500    63.119100  86323.2   1.41
333  20190302122652596  2019-03-02T12:26:52.596  -149.339000    62.983700  77139.9   1.35
334  20190302125323300  2019-03-02T12:53:23.300  -148.627000    64.650100   7286.1   0.29
335  20190302134115326  2019-03-02T13:41:15.326  -148.920700    62.094700  35238.5   0.97
336  20190302145505496  2019-03-02T14:55:05.496  -150.884500    63.527000  12031.9   0.35
337  20190302171304074  2019-03-02T17:13:04.074  -150.458100    62.989500  98940.9   1.32
338  20190302172621954  2019-03-02T17:26:21.954  -149.863800    64.576600  17634.6   0.56
339  20190302192519801  2019-03-02T19:25:19.801  -150.632400    62.768300  85211.6   1.38
340  20190302193605810  2019-03-02T19:36:05.810  -150.491200    63.246300 116894.4   1.13
341  20190302224844218  2019-03-02T22:48:44.218  -150.375000    64.953200   9045.1   0.42
342  20190302230504444  2019-03-02T23:05:04.444  -150.468300    63.027600 102993.4   1.29
343  20190303011603360  2019-03-03T01:16:03.360  -149.178700    63.082800  74663.9   2.03
344  20190303014902677  2019-03-03T01:49:02.677  -150.996500    62.108500  65558.7   1.23
345  20190303024050017  2019-03-03T02:40:50.017  -149.102800    64.792800  18714.1  -0.01
346  20190303034534758  2019-03-03T03:45:34.758  -149.506400    63.042800  79325.6   1.52
347  20190303035948925  2019-03-03T03:59:48.925  -150.491500    62.941500  92534.2   1.00
348  20190303040944476  2019-03-03T04:09:44.476  -149.091600    64.671200  19523.0   0.11
349  20190303042853056  2019-03-03T04:28:53.056  -150.935700    63.093000 117261.2   1.73
350  20190303053020428  2019-03-03T05:30:20.428  -148.584500    63.569400  84019.2   1.55
351  20190303060133211  2019-03-03T06:01:33.211  -149.152500    62.538000  44079.5   1.26
352  20190303060937680  2019-03-03T06:09:37.680  -149.781200    63.421400 102791.7   0.88
353  20190303071521493  2019-03-03T07:15:21.493  -149.739500    63.016600  81660.9   1.11
354  20190303082228564  2019-03-03T08:22:28.564  -149.007400    64.704500  14831.4   1.10
355  20190303083708465  2019-03-03T08:37:08.465  -150.943800    63.288900   4464.5   1.84
356  20190303105036275  2019-03-03T10:50:36.275  -150.487700    63.129200 108076.7   1.98
357  20190303124355595  2019-03-03T12:43:55.595  -149.355600    62.109300  41505.9   1.04
358  20190303130217266  2019-03-03T13:02:17.266  -149.118100    64.716000  17914.3   0.87
359  20190303152903722  2019-03-03T15:29:03.722  -148.808700    62.167600  31391.3   1.11
360  20190303165940587  2019-03-03T16:59:40.587  -149.497700    63.346200  91830.9   1.15
361  20190303181721922  2019-03-03T18:17:21.922  -149.357000    64.892000  14604.8   0.33
362  20190303185720465  2019-03-03T18:57:20.465  -150.830400    63.191700 127043.3   1.27
363  20190303203021267  2019-03-03T20:30:21.267  -148.055400    63.644500   6617.7   1.02
364  20190303212650429  2019-03-03T21:26:50.429  -148.052800    64.526800  14278.7   0.24
365  20190304012221973  2019-03-04T01:22:21.973  -149.584400    62.089200  43480.8   1.45
366  20190304014245127  2019-03-04T01:42:45.127  -148.908400    64.960700      0.0   0.49
367  20190304014800336  2019-03-04T01:48:00.336  -149.121000    64.700300  19440.1   0.20
368  20190304033026324  2019-03-04T03:30:26.324  -148.957800    63.932200   3479.7   1.24
369  20190304042010189  2019-03-04T04:20:10.189  -148.410200    64.621400  10142.3   0.48
370  20190304053734789  2019-03-04T05:37:34.789  -150.899000    62.766500  92162.2   1.51
371  20190304055604000  2019-03-04T05:56:04.000  -149.560000    62.773900  75456.8   1.39
372  20190304071948467  2019-03-04T07:19:48.467  -150.361800    64.857900  20191.8   1.19
373  20190304085141387  2019-03-04T08:51:41.387  -148.951100    64.745900  14038.3   0.24
374  20190304085510133  2019-03-04T08:55:10.133  -149.206700    64.714700  14381.5   1.02
375  20190304151306804  2019-03-04T15:13:06.804  -148.965500    63.514600   7525.7   1.06
376  20190304163511933  2019-03-04T16:35:11.933  -149.128400    64.715600  15635.5   1.60
377  20190304183831788  2019-03-04T18:38:31.788  -150.829400    63.177800 133336.4   1.59
378  20190304190935496  2019-03-04T19:09:35.496  -150.754000    63.170000 123263.1   1.48
379  20190304193740201  2019-03-04T19:37:40.201  -150.961500    63.058700 117337.6   1.23
380  20190305010031429  2019-03-05T01:00:31.429  -149.839000    63.624700 124494.2   1.60
381  20190305014113200  2019-03-05T01:41:13.200  -150.495600    62.051000  51167.4   1.05
382  20190305015004867  2019-03-05T01:50:04.867  -148.996700    64.761200  25736.6   0.26
383  20190305015215663  2019-03-05T01:52:15.663  -149.008200    64.738200  17724.6   0.24
384  20190305051659388  2019-03-05T05:16:59.388  -148.302900    63.012600   5046.6   1.62
385  20190305094411063  2019-03-05T09:44:11.063  -149.290500    64.685600  21684.0   0.33
386  20190305095830874  2019-03-05T09:58:30.874  -150.066800    62.745700  69350.1   1.15
387  20190305112846318  2019-03-05T11:28:46.318  -149.250400    64.608700  23207.2   0.45
388  20190305142300776  2019-03-05T14:23:00.776  -150.370200    63.244400 104277.3   1.64
389  20190305145855467  2019-03-05T14:58:55.467  -149.056400    62.285200   5987.1   1.08
390  20190305155929664  2019-03-05T15:59:29.664  -149.531900    62.174100   4136.0   1.19
391  20190305192902362  2019-03-05T19:29:02.362  -149.106100    64.619700  14501.7   0.35
392  20190305204739054  2019-03-05T20:47:39.054  -150.672300    62.440300  69516.6   1.41
393  20190305211644116  2019-03-05T21:16:44.116  -149.843800    64.356600  15788.0   0.89
394  20190305233941870  2019-03-05T23:39:41.870  -150.629900    62.433300  70534.4   1.16
395  20190305234356515  2019-03-05T23:43:56.515  -149.104400    64.940900  24094.5   0.33
396  20190306003426853  2019-03-06T00:34:26.853  -148.702700    62.055000  39638.6   3.25
397  20190306010102426  2019-03-06T01:01:02.426  -148.280700    63.083700  75606.3   2.26
398  20190306023723324  2019-03-06T02:37:23.324  -148.695400    64.840900   5231.9   0.28
399  20190306024828374  2019-03-06T02:48:28.374  -150.700300    64.468000   2236.0   0.65
400  20190306064545036  2019-03-06T06:45:45.036  -149.016900    64.931400  23809.7   0.72
401  20190306064616129  2019-03-06T06:46:16.129  -149.043400    64.867500  26372.4   0.53
402  20190306080245707  2019-03-06T08:02:45.707  -149.184600    64.695600  19337.2   0.20
403  20190306080350511  2019-03-06T08:03:50.511  -149.178500    64.700100  20114.3   0.28
404  20190306080401183  2019-03-06T08:04:01.183  -149.164700    64.774400  20669.5   1.00
405  20190306080942017  2019-03-06T08:09:42.017  -149.052500    64.668400  13098.2   0.12
406  20190306103151343  2019-03-06T10:31:51.343  -149.306700    63.841800 113303.6   1.35
407  20190306103325151  2019-03-06T10:33:25.151  -149.182800    64.668900  14572.2   0.13
408  20190306113221224  2019-03-06T11:32:21.224  -149.379200    62.963600  67901.4   1.29
409  20190306144520977  2019-03-06T14:45:20.977  -149.352500    62.971600  75817.3   1.38
410  20190306154809191  2019-03-06T15:48:09.191  -149.395400    62.102300  44436.3   1.19
411  20190306162521978  2019-03-06T16:25:21.978  -149.018000    64.775600  15510.3   0.31
412  20190306202655463  2019-03-06T20:26:55.463  -148.241200    64.741600   7673.9   0.67
413  20190306220201299  2019-03-06T22:02:01.299  -150.037200    62.237200  11730.4   1.23
414  20190306224308481  2019-03-06T22:43:08.481  -149.284800    64.685400  17614.1   0.11
415  20190306234105467  2019-03-06T23:41:05.467  -148.748800    64.614600   9670.5   0.67
416  20190307010110663  2019-03-07T01:01:10.663  -149.830500    64.370400  22016.8   1.56
417  20190307011817982  2019-03-07T01:18:17.982  -148.597400    62.292000   7181.9   1.14
418  20190307021314516  2019-03-07T02:13:14.516  -149.126800    64.812200  20662.4   0.35
419  20190307045722631  2019-03-07T04:57:22.631  -150.921800    63.110100 119286.3   2.37
420  20190307060027691  2019-03-07T06:00:27.691  -148.989800    64.655300  26794.4   0.18
421  20190307060649722  2019-03-07T06:06:49.722  -148.687000    64.875500  13097.3   0.42
422  20190307064752517  2019-03-07T06:47:52.517  -149.327200    64.530400  15188.9   0.77
423  20190307074157319  2019-03-07T07:41:57.319  -148.813500    64.676500  17304.3   0.29
424  20190307091015932  2019-03-07T09:10:15.932  -148.782300    64.467600  16655.3   0.81
425  20190307102225901  2019-03-07T10:22:25.901  -149.325100    62.825400  60737.5   2.00
426  20190307133441544  2019-03-07T13:34:41.544  -148.758400    64.800000  13274.1   0.25
427  20190307151713336  2019-03-07T15:17:13.336  -150.961800    62.881300  96275.9   1.15
428  20190307173141897  2019-03-07T17:31:41.897  -150.921100    63.528500   5189.9   0.84
429  20190307213409160  2019-03-07T21:34:09.160  -148.160800    62.279100  30979.8   1.66
430  20190308001145588  2019-03-08T00:11:45.588  -149.046700    64.949600  18643.6   0.68
431  20190308001229383  2019-03-08T00:12:29.383  -150.082200    62.286300  63048.8   1.23
432  20190308011257663  2019-03-08T01:12:57.663  -149.687500    62.877700   1068.9   1.15
433  20190308012041243  2019-03-08T01:20:41.243  -149.124700    64.797900  18957.6   0.77
434  20190308024804708  2019-03-08T02:48:04.708  -150.492500    63.066600 109576.1   1.46
435  20190308030525643  2019-03-08T03:05:25.643  -150.598200    64.905500   9146.7   0.93
436  20190308052506985  2019-03-08T05:25:06.985  -150.344700    63.219800 104221.2   1.34
437  20190308053246996  2019-03-08T05:32:46.996  -149.905000    62.484600   8665.2   1.45
438  20190308092102707  2019-03-08T09:21:02.707  -149.044700    64.844400  25307.5   0.43
439  20190308101944978  2019-03-08T10:19:44.978  -150.012000    63.038500  90806.7   1.45
440  20190308102602190  2019-03-08T10:26:02.190  -150.468100    63.666400   2326.9   0.49
441  20190308113531977  2019-03-08T11:35:31.977  -148.213800    64.256100  11535.5   1.47
442  20190308123208097  2019-03-08T12:32:08.097  -149.136500    64.716400  11786.5   0.20
443  20190308133603764  2019-03-08T13:36:03.764  -149.118600    64.770800  16490.9   0.36
444  20190308145144457  2019-03-08T14:51:44.457  -150.919500    63.129800 125506.2   1.55
445  20190308174423623  2019-03-08T17:44:23.623  -148.948800    62.878700   5265.1   1.44
446  20190308190654242  2019-03-08T19:06:54.242  -149.038700    64.717700   9009.5   0.20
447  20190308190704336  2019-03-08T19:07:04.336  -150.599700    63.149600 118207.2   1.88
448  20190308191351217  2019-03-08T19:13:51.217  -150.473500    62.971200 101109.2   1.71
449  20190308191504381  2019-03-08T19:15:04.381  -149.114500    64.789100  11994.0   0.19
450  20190308194058987  2019-03-08T19:40:58.987  -150.641500    63.069100 112704.2   1.50
451  20190308211045986  2019-03-08T21:10:45.986  -150.031800    62.967000  83871.1   1.26
452  20190308223905038  2019-03-08T22:39:05.038  -149.021600    64.791000   9598.8   0.52
453  20190309000247930  2019-03-09T00:02:47.930  -149.486900    64.468400  11870.2   0.93
454  20190309011451227  2019-03-09T01:14:51.227  -150.458600    63.658000   8241.0   0.76
455  20190309015139908  2019-03-09T01:51:39.908  -150.497600    62.136500  13018.0   2.52
456  20190309025523588  2019-03-09T02:55:23.588  -150.529100    62.112000     44.0   1.32
457  20190309033530437  2019-03-09T03:35:30.437  -149.622500    62.608700  65957.7   1.75
458  20190309045620308  2019-03-09T04:56:20.308  -150.502500    62.129900   9903.1   1.24
459  20190309050001129  2019-03-09T05:00:01.129  -148.607900    62.312800   9634.0   1.61
460  20190309054825709  2019-03-09T05:48:25.709  -149.539800    63.321800  13518.0   0.83
461  20190309060406950  2019-03-09T06:04:06.950  -149.053400    63.154300  77846.8   1.64
462  20190309060522169  2019-03-09T06:05:22.169  -149.208000    64.671700  17708.6   0.72
463  20190309061202390  2019-03-09T06:12:02.390  -150.528100    63.095900 106562.9   1.40
464  20190309072049561  2019-03-09T07:20:49.561  -150.917200    62.905800  92822.6   1.31
465  20190309075522838  2019-03-09T07:55:22.838  -148.840700    62.122300  30769.0   1.35
466  20190309091932046  2019-03-09T09:19:32.046  -149.480900    64.590000  22370.0   0.65
467  20190309105929358  2019-03-09T10:59:29.358  -148.987200    63.534000   5755.0   1.16
468  20190309170229895  2019-03-09T17:02:29.895  -149.782600    62.014600  44621.4   1.54
469  20190309174406448  2019-03-09T17:44:06.448  -150.558800    63.225200 120893.6   1.32
470  20190309175415758  2019-03-09T17:54:15.758  -150.500400    62.128500   9285.7   1.38
471  20190309180520989  2019-03-09T18:05:20.989  -150.907400    62.842400  96981.9   1.55
472  20190310003340593  2019-03-10T00:33:40.593  -149.193300    62.535700  57979.3   1.63
473  20190310051605748  2019-03-10T05:16:05.748  -150.524200    62.877200  89218.9   3.08
474  20190310060947994  2019-03-10T06:09:47.994  -150.595700    63.633100   9155.1   1.53
475  20190310074715202  2019-03-10T07:47:15.202  -150.892000    62.282100  65029.7   2.69
476  20190310092857715  2019-03-10T09:28:57.715  -149.623900    62.402000  48436.1   1.83
477  20190310095442116  2019-03-10T09:54:42.116  -149.979800    62.245300  55036.7   1.75
478  20190310204624209  2019-03-10T20:46:24.209  -149.362900    62.173300  43578.2   1.60
479  20190311032739926  2019-03-11T03:27:39.926  -149.778500    64.366600  20958.6   0.84
480  20190311033815555  2019-03-11T03:38:15.555  -149.067200    64.806200  22511.8   0.36
481  20190311052951025  2019-03-11T05:29:51.025  -148.641300    64.797500  10593.4   0.42
482  20190311054303214  2019-03-11T05:43:03.214  -148.498400    64.994500  16241.6   0.67
483  20190311065018318  2019-03-11T06:50:18.318  -148.903800    64.771700  14399.1   1.31
484  20190311102347888  2019-03-11T10:23:47.888  -149.153200    64.775600  24776.4   0.59
485  20190311115946915  2019-03-11T11:59:46.915  -148.690800    64.866400  14321.4   0.40
486  20190311120512886  2019-03-11T12:05:12.886  -149.006500    63.482500  14767.9   0.74
487  20190311133047416  2019-03-11T13:30:47.416  -149.865000    64.510100   9371.6   0.71
488  20190311141945690  2019-03-11T14:19:45.690  -149.904200    64.513700  15177.2   0.64
489  20190311213925234  2019-03-11T21:39:25.234  -149.261200    64.676600  13357.1   0.08
490  20190311222729397  2019-03-11T22:27:29.397  -150.871900    62.544800  81722.4   1.41
491  20190311230310548  2019-03-11T23:03:10.548  -149.940100    63.761900   9832.1   1.12
492  20190312001025279  2019-03-12T00:10:25.279  -150.472700    63.225100 119113.8   1.96
493  20190312003101309  2019-03-12T00:31:01.309  -149.487600    63.716200 120893.1   1.57
494  20190312012902328  2019-03-12T01:29:02.328  -148.953600    64.835900  17058.6   0.50
495  20190312024354750  2019-03-12T02:43:54.750  -150.121200    62.173700   7156.6   1.32
496  20190312025424995  2019-03-12T02:54:24.995  -148.846500    62.774700  52892.6   1.43
497  20190312094608736  2019-03-12T09:46:08.736  -150.675000    63.527400  15022.9   0.54
498  20190312104325166  2019-03-12T10:43:25.166  -148.538600    62.933400   7848.0   1.57
499  20190312134704672  2019-03-12T13:47:04.672  -150.529700    64.892100   7705.3   0.72
500  20190312143159930  2019-03-12T14:31:59.930  -149.230600    62.944800  72731.3   1.44
501  20190312145453791  2019-03-12T14:54:53.791  -150.364500    63.112400 101619.0   1.39
502  20190312160111713  2019-03-12T16:01:11.713  -149.045800    64.835500  24905.7   0.63
503  20190312184752336  2019-03-12T18:47:52.336  -149.644600    62.505700  56446.7   1.88
504  20190312220322196  2019-03-12T22:03:22.196  -148.943800    62.867600  65093.8   2.20
505  20190312232553072  2019-03-12T23:25:53.072  -150.059500    63.285200  98430.8   1.37
506  20190313011017051  2019-03-13T01:10:17.051  -150.698700    62.954300 109279.8   1.80
507  20190313013557389  2019-03-13T01:35:57.389  -150.991200    63.311500  12311.6   2.27
508  20190313013705207  2019-03-13T01:37:05.207  -150.983000    63.289800   7023.7   1.51
509  20190313020530928  2019-03-13T02:05:30.928  -149.166100    64.671400  15562.1   0.11
510  20190313021830065  2019-03-13T02:18:30.065  -150.364100    63.191000 103014.2   1.37
511  20190313030610194  2019-03-13T03:06:10.194  -149.483200    64.628000  23526.4   0.30
512  20190313052322382  2019-03-13T05:23:22.382  -149.836000    63.137000  93374.3   1.26
513  20190313062216723  2019-03-13T06:22:16.723  -150.741700    62.276800  10399.4   1.13
514  20190313062408323  2019-03-13T06:24:08.323  -148.071200    64.180100  11457.6   0.69
515  20190313130133720  2019-03-13T13:01:33.720  -149.800200    63.011000  81875.2   1.82
516  20190313143432503  2019-03-13T14:34:32.503  -149.445900    62.036000  12556.4   1.18
517  20190313143446908  2019-03-13T14:34:46.908  -150.643100    63.160000 122397.4   1.51
518  20190313143703813  2019-03-13T14:37:03.813  -149.779800    62.198900   2652.3   1.34
519  20190313184702123  2019-03-13T18:47:02.123  -150.218000    62.667600  63831.4   1.30
520  20190313220909767  2019-03-13T22:09:09.767  -149.860600    62.580600  18549.3   1.29
521  20190313231532713  2019-03-13T23:15:32.713  -149.534900    62.324600  50516.8   1.51
522  20190313235721213  2019-03-13T23:57:21.213  -148.019500    64.774600  20247.2   1.73
523  20190314003324391  2019-03-14T00:33:24.391  -148.070000    64.785900  21645.0   1.00
524  20190314020509372  2019-03-14T02:05:09.372  -149.066800    62.376800   5651.1   1.62
525  20190314035519391  2019-03-14T03:55:19.391  -149.792900    62.111800  50543.0   1.55
526  20190314055646844  2019-03-14T05:56:46.844  -148.765600    63.518000  15903.2   0.95
527  20190314074242022  2019-03-14T07:42:42.022  -149.553300    62.128500  57646.3   2.38
528  20190314090323159  2019-03-14T09:03:23.159  -150.034500    63.166600  88191.0   1.81
529  20190314100059531  2019-03-14T10:00:59.531  -148.474600    63.186500   8571.2   1.52
530  20190314112751615  2019-03-14T11:27:51.615  -148.951000    63.133400   1343.9   1.54
531  20190314132758988  2019-03-14T13:27:58.988  -149.018200    62.753800  68739.3   1.98
532  20190314141642542  2019-03-14T14:16:42.542  -149.124500    63.823800 119306.3   3.15
533  20190314164836029  2019-03-14T16:48:36.029  -149.651700    62.088000  53020.3   1.68
534  20190314165556906  2019-03-14T16:55:56.906  -150.710900    63.517800  16685.7   0.70
535  20190314172648117  2019-03-14T17:26:48.117  -150.445900    62.774000  76524.4   1.49
536  20190314181836435  2019-03-14T18:18:36.435  -150.593700    63.069800 120114.0   1.93
537  20190314182155551  2019-03-14T18:21:55.551  -150.731700    63.233800 124780.6   1.43
538  20190314191352349  2019-03-14T19:13:52.349  -148.978800    62.306800  28959.5   1.57
539  20190314224608112  2019-03-14T22:46:08.112  -149.035200    63.461800   4884.9   1.38
540  20190315000731519  2019-03-15T00:07:31.519  -150.421600    62.595600  66632.3   1.70
541  20190315031346338  2019-03-15T03:13:46.338  -150.114900    63.241400 105807.4   1.22
542  20190315031929239  2019-03-15T03:19:29.239  -149.070400    64.901400  28170.0   0.78
543  20190315031942820  2019-03-15T03:19:42.820  -149.095300    64.937300  26296.2   0.98
544  20190315043506707  2019-03-15T04:35:06.707  -149.327000    64.654300  18968.8   0.71
545  20190315064106499  2019-03-15T06:41:06.499  -149.110900    64.913700  15268.6   0.37
546  20190315075301575  2019-03-15T07:53:01.575  -150.561100    62.852400  90171.5   1.23
547  20190315090546919  2019-03-15T09:05:46.919  -149.308600    64.728000  16882.7   0.16
548  20190315090845036  2019-03-15T09:08:45.036  -149.097100    64.644300  15332.9   0.18
549  20190315104708676  2019-03-15T10:47:08.676  -148.981300    62.243100  40356.0   1.53
550  20190315130537923  2019-03-15T13:05:37.923  -150.386800    63.880600   9090.7   1.43
551  20190315161913325  2019-03-15T16:19:13.325  -148.818000    62.933800   1942.1   1.58
552  20190315162029958  2019-03-15T16:20:29.958  -149.147100    64.589700  16182.7   0.14
553  20190315163208286  2019-03-15T16:32:08.286  -148.793500    62.940600   1699.2   1.79
554  20190315165959962  2019-03-15T16:59:59.962  -148.900500    64.910500  12116.9   0.36
555  20190315171445468  2019-03-15T17:14:45.468  -149.223700    64.776700  14328.5   0.16
556  20190315171512511  2019-03-15T17:15:12.511  -149.996000    64.552600  14488.6   1.62
557  20190315171515397  2019-03-15T17:15:15.397  -149.917400    64.580700  24961.8   1.71
558  20190315171652797  2019-03-15T17:16:52.797  -149.969000    64.514900   2174.1   0.65
559  20190315172523257  2019-03-15T17:25:23.257  -150.079500    62.065900  19866.2   1.44
560  20190315175111027  2019-03-15T17:51:11.027  -150.465000    64.016400  16275.1   1.06
561  20190315223919126  2019-03-15T22:39:19.126  -148.698000    63.777500 106147.8   2.00
562  20190315235249977  2019-03-15T23:52:49.977  -150.224700    62.202000   4567.3   1.34
563  20190316040923011  2019-03-16T04:09:23.011  -150.597400    62.835400  84100.7   1.55
564  20190316111039714  2019-03-16T11:10:39.714  -149.623100    63.010500  78502.7   1.60
565  20190316115543608  2019-03-16T11:55:43.608  -150.558400    63.237400 123463.7   1.65
566  20190316135117073  2019-03-16T13:51:17.073  -150.866900    62.900100  95905.6   1.46
567  20190316141414911  2019-03-16T14:14:14.911  -149.415400    62.003600  51871.7   1.35
568  20190316151811008  2019-03-16T15:18:11.008  -150.582600    63.026400 108817.5   1.51
569  20190316191216255  2019-03-16T19:12:16.255  -150.925800    63.055700 109116.3   1.52
570  20190316221505569  2019-03-16T22:15:05.569  -149.227500    63.101900  12806.0   1.32
571  20190317001250528  2019-03-17T00:12:50.528  -148.012400    64.775600  22710.3   0.79
572  20190317043423886  2019-03-17T04:34:23.886  -149.505200    62.616400  59324.9   1.51
573  20190317073955617  2019-03-17T07:39:55.617  -150.395900    63.192300    917.4   1.44
574  20190317083726200  2019-03-17T08:37:26.200  -149.422600    63.296700   6359.7   1.59
575  20190317095954203  2019-03-17T09:59:54.203  -149.090100    64.917000  30392.7   1.96
576  20190317103414023  2019-03-17T10:34:14.023  -148.786600    62.941100   4490.6   1.41
577  20190317114815665  2019-03-17T11:48:15.665  -150.798000    62.093200  66533.5   1.53
578  20190317202210470  2019-03-17T20:22:10.470  -150.703000    63.085500 107573.3   1.71
579  20190317212845772  2019-03-17T21:28:45.772  -149.943100    63.029100  87822.2   1.39
580  20190317222952769  2019-03-17T22:29:52.769  -150.944700    63.561000   5556.5   1.10
581  20190317225446768  2019-03-17T22:54:46.768  -148.874600    64.919800  14099.6   0.65
582  20190317225522543  2019-03-17T22:55:22.543  -150.644900    64.702200  20198.2   0.99
583  20190317233454181  2019-03-17T23:34:54.181  -150.372800    63.296500 112551.6   1.46
584  20190318011859366  2019-03-18T01:18:59.366  -149.645400    64.720800  11273.6   0.91
585  20190318030349754  2019-03-18T03:03:49.754  -149.018300    63.835200  10498.9   0.89
586  20190318090734779  2019-03-18T09:07:34.779  -150.298900    63.366000 130514.5   1.83
587  20190318111638305  2019-03-18T11:16:38.305  -148.011000    62.163000  43862.4   1.30
588  20190318152510366  2019-03-18T15:25:10.366  -149.356000    64.509000  14995.6   0.72
589  20190318180640882  2019-03-18T18:06:40.882  -149.006800    64.705800  20946.8   0.26
590  20190318180953332  2019-03-18T18:09:53.332  -149.740500    63.038700  87370.0   1.48
591  20190318181420463  2019-03-18T18:14:20.463  -150.461100    62.384700  66708.6   1.29
592  20190318182313120  2019-03-18T18:23:13.120  -149.126900    64.641900  21146.5   0.25
593  20190318223402090  2019-03-18T22:34:02.090  -148.979300    64.692700  14319.5   0.32
594  20190319001305842  2019-03-19T00:13:05.842  -150.460500    62.020900   2901.7   1.43
595  20190319014944247  2019-03-19T01:49:44.247  -150.046600    64.106500   9148.5   0.85
596  20190319023935423  2019-03-19T02:39:35.423  -150.419400    63.180200 116335.9   3.42
597  20190319025932654  2019-03-19T02:59:32.654  -150.633900    62.627800  76551.0   1.40
598  20190319032054797  2019-03-19T03:20:54.797  -150.664200    63.589100   8517.4   1.14
599  20190319062438780  2019-03-19T06:24:38.780  -150.831100    62.911100 102761.6   1.30
600  20190319070856028  2019-03-19T07:08:56.028  -149.991400    62.897100  81262.4   1.73
601  20190319100451423  2019-03-19T10:04:51.423  -149.098900    64.742300  20927.1   0.27
602  20190319102643707  2019-03-19T10:26:43.707  -150.358900    62.062600  10529.4   1.35
603  20190319112204799  2019-03-19T11:22:04.799  -150.657500    62.635700  12038.8   1.18
604  20190319112901276  2019-03-19T11:29:01.276  -150.703100    62.775600  84066.1   1.43
605  20190319134515659  2019-03-19T13:45:15.659  -148.162600    64.324300  16500.7   1.05
606  20190319164001919  2019-03-19T16:40:01.919  -150.984100    63.072600 125939.6   1.47
607  20190319183246018  2019-03-19T18:32:46.018  -148.731500    62.021200  15016.1   1.13
608  20190319185232553  2019-03-19T18:52:32.553  -149.628300    63.388300 100152.0   2.51
609  20190319193013649  2019-03-19T19:30:13.649  -150.861700    62.021300  62564.9   1.28
610  20190319215317203  2019-03-19T21:53:17.203  -150.967900    62.270400  70328.4   2.02
611  20190319224430999  2019-03-19T22:44:30.999  -149.701500    62.002300  38789.7   1.23
612  20190319233103660  2019-03-19T23:31:03.660  -150.154800    62.232600  14333.3   1.08
613  20190320003733810  2019-03-20T00:37:33.810  -150.863800    63.571000   8984.4   0.36
614  20190320015406174  2019-03-20T01:54:06.174  -148.872300    64.156300   6236.9   1.14
615  20190320022553047  2019-03-20T02:25:53.047  -148.505400    64.745500  13978.4   0.67
616  20190320054216963  2019-03-20T05:42:16.963  -148.766000    63.057300  70176.4   1.34
617  20190320091005105  2019-03-20T09:10:05.105  -150.213600    62.198500  10362.7   1.17
618  20190320115333150  2019-03-20T11:53:33.150  -148.866700    64.150800    628.2   0.85
619  20190320115746543  2019-03-20T11:57:46.543  -148.907600    64.134900   3945.6   1.13
620  20190320121548491  2019-03-20T12:15:48.491  -148.935300    64.157000   4272.2   0.80
621  20190320162259702  2019-03-20T16:22:59.702  -148.653400    62.191600  15015.1   1.38
622  20190320165850920  2019-03-20T16:58:50.920  -150.830600    63.167600 127193.5   1.82
623  20190320200129999  2019-03-20T20:01:29.999  -149.749200    63.625600 134363.1   1.73
624  20190320202140377  2019-03-20T20:21:40.377  -150.748900    63.517500  14039.7   1.21
625  20190320212354347  2019-03-20T21:23:54.347  -148.700900    63.003800  74701.8   1.77
626  20190320224631536  2019-03-20T22:46:31.536  -148.424500    64.645800   5284.5   0.44
627  20190320234255969  2019-03-20T23:42:55.969  -150.737400    62.084300   3341.2   1.20
628  20190321005942249  2019-03-21T00:59:42.249  -150.552800    62.012600  15120.2   1.24
629  20190321034703765  2019-03-21T03:47:03.765  -148.127700    64.727200   4121.6   0.20
630  20190321035359934  2019-03-21T03:53:59.934  -150.727000    63.552200  13227.8   0.70
631  20190321035825938  2019-03-21T03:58:25.938  -148.012300    64.739000  13130.4   0.21
632  20190321043752581  2019-03-21T04:37:52.581  -149.211900    64.696300  15613.1   0.65
633  20190321045102334  2019-03-21T04:51:02.334  -148.280400    63.484700   4529.2   1.64
634  20190321055637841  2019-03-21T05:56:37.841  -148.085000    64.733700   7248.8   0.16
635  20190321061025563  2019-03-21T06:10:25.563  -150.242900    63.122500  92810.2   1.70
636  20190321122220707  2019-03-21T12:22:20.707  -148.958400    64.942000  18867.2   0.61
637  20190321131008338  2019-03-21T13:10:08.338  -149.412900    64.908100  23106.9   0.38
638  20190321134641507  2019-03-21T13:46:41.507  -148.900000    62.897600  76079.8   2.26
639  20190321142309450  2019-03-21T14:23:09.450  -149.398900    64.481700  17010.1   0.64
640  20190321175944595  2019-03-21T17:59:44.595  -148.939000    63.923900 109018.5   1.16
641  20190321212226425  2019-03-21T21:22:26.425  -149.430900    63.184100  77750.4   1.41
642  20190321221415453  2019-03-21T22:14:15.453  -149.257800    62.743900  65315.4   2.44
643  20190322014914615  2019-03-22T01:49:14.615  -150.534800    62.843300  87296.8   2.29
644  20190322023851478  2019-03-22T02:38:51.478  -148.643700    64.551700  15680.1   0.43
645  20190322032404424  2019-03-22T03:24:04.424  -150.576300    63.142600 117159.4   2.26
646  20190322065126734  2019-03-22T06:51:26.734  -150.545500    63.214900 124240.9   1.71
647  20190322102836978  2019-03-22T10:28:36.978  -150.638200    63.202100 129190.3   2.39
648  20190322153916020  2019-03-22T15:39:16.020  -149.464000    62.520100  64587.6   1.88
649  20190322164754824  2019-03-22T16:47:54.824  -150.158400    62.046500  20072.4   1.38
650  20190322174208801  2019-03-22T17:42:08.801  -150.980600    62.972100 118833.9   1.69
651  20190322210049281  2019-03-22T21:00:49.281  -149.109300    62.727300  68597.5   1.49
652  20190322215638745  2019-03-22T21:56:38.745  -150.621900    62.151400   2694.9   1.16
653  20190322225830600  2019-03-22T22:58:30.600  -150.316600    62.091300  11220.8   1.18
654  20190323021944587  2019-03-23T02:19:44.587  -150.505800    63.138700 113683.1   1.39
655  20190323091322000  2019-03-23T09:13:22.000  -150.585200    63.052600  99902.4   1.39
656  20190323160947542  2019-03-23T16:09:47.542  -150.728400    62.251500  60283.9   1.53
657  20190323161820385  2019-03-23T16:18:20.385  -150.743000    63.067300 120038.9   1.32
658  20190323170930828  2019-03-23T17:09:30.828  -148.954200    64.700800  12819.5   0.87
659  20190323212237165  2019-03-23T21:22:37.165  -149.608500    62.581500  10000.0   1.17
660  20190323213430697  2019-03-23T21:34:30.697  -149.710700    62.556900  44623.4   1.28
661  20190323214927824  2019-03-23T21:49:27.824  -150.221400    64.913000   5224.9   0.73
662  20190324005522335  2019-03-24T00:55:22.335  -148.297700    62.305100  31387.4   2.39
663  20190324011425800  2019-03-24T01:14:25.800  -149.741200    62.549700  65215.5   2.32
664  20190324025150790  2019-03-24T02:51:50.790  -149.353500    64.642300  17712.0   0.72
665  20190324035021075  2019-03-24T03:50:21.075  -148.910200    64.834700  14995.7   0.94
666  20190324035526094  2019-03-24T03:55:26.094  -149.353800    62.172600  44578.5   1.68
667  20190324045537136  2019-03-24T04:55:37.136  -149.090100    64.908700  25957.2   0.73
668  20190324085132641  2019-03-24T08:51:32.641  -148.316500    62.011400  38819.8   1.50
669  20190324132431487  2019-03-24T13:24:31.487  -150.134100    62.210400  15618.9   0.94
670  20190324141335791  2019-03-24T14:13:35.791  -149.674100    64.649700    314.6  -0.04
671  20190324142230122  2019-03-24T14:22:30.122  -149.155500    64.819000  20214.8   0.21
672  20190324144212464  2019-03-24T14:42:12.464  -149.350100    64.569600  16827.5   0.14
673  20190324194913648  2019-03-24T19:49:13.648  -150.642500    63.073500 112377.3   1.44
674  20190324200657471  2019-03-24T20:06:57.471  -149.363200    62.747300  83539.3   1.22
675  20190325005920016  2019-03-25T00:59:20.016  -150.770700    63.074600 118194.4   1.64
676  20190325031903840  2019-03-25T03:19:03.840  -150.475600    63.124900 104981.2   1.80
677  20190325045231686  2019-03-25T04:52:31.686  -148.750600    64.818600  12873.8   0.34
678  20190325090316651  2019-03-25T09:03:16.651  -150.635900    63.084300 116107.5   2.40
679  20190325090602789  2019-03-25T09:06:02.789  -149.941800    64.631400  19697.2   0.62
680  20190325092305390  2019-03-25T09:23:05.390  -149.575400    64.945000  15950.7   0.41
681  20190325113704497  2019-03-25T11:37:04.497  -148.035800    64.637000   7069.4   1.11
682  20190325114245722  2019-03-25T11:42:45.722  -148.043200    64.647000   6217.5   0.73
683  20190325114434688  2019-03-25T11:44:34.688  -148.749300    64.959600  10037.5   0.37
684  20190325130651156  2019-03-25T13:06:51.156  -149.241700    64.791400  26036.8   1.68
685  20190325133655603  2019-03-25T13:36:55.603  -148.713700    64.816400  11263.6   0.43
686  20190325135925695  2019-03-25T13:59:25.695  -150.749100    63.569400  22429.2   0.89
687  20190325140714007  2019-03-25T14:07:14.007  -149.511100    64.552800  21828.1   0.48
688  20190325142938959  2019-03-25T14:29:38.959  -149.821400    64.332600  19609.8   0.74
689  20190325143851330  2019-03-25T14:38:51.330  -148.766500    64.710100  20691.4   0.36
690  20190325150030300  2019-03-25T15:00:30.300  -150.710700    62.773600  86125.8   2.90
691  20190325151826907  2019-03-25T15:18:26.907  -148.721100    64.823000  17548.3   0.29
692  20190325171421764  2019-03-25T17:14:21.764  -149.298600    64.545400  13867.3   0.35
693  20190325175440043  2019-03-25T17:54:40.043  -150.984800    63.061200 120363.2   1.93
694  20190325181628379  2019-03-25T18:16:28.379  -149.047000    64.784800  20201.6   1.49
695  20190325184940852  2019-03-25T18:49:40.852  -149.260100    64.781200  25503.9   0.63
696  20190325205225262  2019-03-25T20:52:25.262  -149.018600    64.775300  11317.2   0.79
697  20190325205408340  2019-03-25T20:54:08.340  -148.877800    64.771600  15793.0   0.20
698  20190325214659406  2019-03-25T21:46:59.406  -149.605900    64.622800  21615.0   0.40
699  20190325215755011  2019-03-25T21:57:55.011  -148.989300    62.739300    572.0   1.26
700  20190325231150997  2019-03-25T23:11:50.997  -150.118500    64.404400  18097.0   0.80
701  20190326005710293  2019-03-26T00:57:10.293  -150.881300    63.499400   6591.9   0.90
702  20190326032447431  2019-03-26T03:24:47.431  -149.436100    63.983300  14068.3   0.79
703  20190326032823918  2019-03-26T03:28:23.918  -149.648300    63.210100  93424.7   1.44
704  20190326040127493  2019-03-26T04:01:27.493  -148.781400    64.760300  11180.9   0.78
705  20190326042332651  2019-03-26T04:23:32.651  -150.633200    63.194800 115525.6   1.90
706  20190326044218820  2019-03-26T04:42:18.820  -148.509200    62.405200   7971.7   1.23
707  20190326081751305  2019-03-26T08:17:51.305  -148.838500    62.778400   1786.7   1.11
708  20190326132100003  2019-03-26T13:21:00.003  -149.711500    62.833800  68907.8   1.81
709  20190326143336692  2019-03-26T14:33:36.692  -148.107600    62.044600  23214.0   1.28
710  20190326143434830  2019-03-26T14:34:34.830  -150.893700    62.876700  86664.3   1.35
711  20190326143706863  2019-03-26T14:37:06.863  -149.637600    64.708300  23526.4   0.35
712  20190326151314958  2019-03-26T15:13:14.958  -150.715500    63.592100  11172.4   1.07
713  20190326154359325  2019-03-26T15:43:59.325  -149.048300    64.655100  11875.9   0.18
714  20190326160110434  2019-03-26T16:01:10.434  -150.016100    64.140700   8360.4   1.24
715  20190326163649643  2019-03-26T16:36:49.643  -150.977400    62.712100   4960.0   1.10
716  20190326173450053  2019-03-26T17:34:50.053  -150.093900    62.216500  15022.4   1.55
717  20190326185043193  2019-03-26T18:50:43.193  -150.511700    63.249500 122858.6   1.24
718  20190326203502365  2019-03-26T20:35:02.365  -149.120500    64.678800  17328.3   0.62
719  20190326211653424  2019-03-26T21:16:53.424  -150.477400    63.044200  91543.5   1.26
720  20190326214728341  2019-03-26T21:47:28.341  -149.780100    63.347600 101329.9   1.88
