20190214,528518474,1006,1550187776.94465,125.369644779582,122.127844044792,3277.03691899457,[93.14154255],11
20190214,528518474,1007,1550187764.19259,115.608593553693,63.7406699625398,1359.87354971723,[ 57.82792227 115.36215514 134.87473969 173.48958083 230.21044549 213.07868171],21
20190214,528518474,1008,1550187750.98499,116.414419649938,69.03173056735,1838.38681780548,[113.900277   170.58493042 227.87461433],21
20190214,528518474,1009,1550187737.53478,116.714338812567,65.2583542662855,1258.68681806682,[115.21986516 172.92395924 230.38661358],11
20190214,528518474,1010,1550187724.81379,115.441938662546,69.4968072826346,974.203579782512,[115.79772297 175.11097744 233.22328848],11
20190214,528518474,1011,1550187712.6151,117.276915697765,65.5902162292982,526.813668287623,[ 57.7449833   77.78514589  96.18780353 114.5841312  135.78000127 173.05942535 212.41845252 231.87461719],21
20190214,528518474,1012,1550187698.80125,116.840534260467,65.1547346636465,801.347511060065,[115.10172453 172.98500394 192.54184295 210.9960524  231.51886657 249.65335735],31
20190214,528518474,1013,1550187682.36314,117.322196496948,61.6064860374458,983.321525016887,[114.41779968 171.41299549 229.96292963],31
20190214,528518474,1014,1550187666.57716,113.715868666358,66.4795469592931,1478.89486319404,[116.46781621 174.45453033 231.44174916],21
20190214,528518474,1015,1550187649.91555,113.175447744921,67.4122639917598,1734.46814680351,[115.72508049 173.9231183  231.51835118],21
20190214,528518474,1016,1550187631.67129,118.397232791295,52.7443211757159,925.67437324769,[115.64930808 173.67406314 230.62577898],11
20190214,528518474,1017,1550187618.35074,113.083579166003,67.7125579091801,1893.93073764503,[117.09848494 230.47507415],11
20190214,528518474,1019,1550187585.76345,111.868296564323,67.1633223722662,2147.98220284943,[116.8519232  175.75304736 233.41005225],21
20190214,528518474,1020,1550187572.06604,114.409651392348,57.1407048426375,1503.80894319942,[114.56837363 229.67491019],11
20190214,528518474,1023,1550184643.68067,114.022722391942,55.0561065773128,1808.05553865205,[117.73904851 137.0198872  157.27901955 176.21811034 215.54448585 234.35563027],11
20190214,528518474,1024,1550184650.87302,114.620987142589,55.6937373303874,961.816686922544,[117.22679584 156.22733193 176.29775157 197.21384065 235.82354276  59.14631706  79.29280795],21
20190214,528518474,1026,1550184671.68012,115.298433431258,58.6994897207855,892.038974403662,[ 59.38623905 118.84062566 177.0834586  234.81991802 255.29464869],21
20190214,528518474,1027,1550184682.10977,115.140389137575,56.7617353686601,1059.33078362187,[119.03282074 239.29396345  59.8448875  178.74166657],11
20190214,528502194,1023,1550177789.23862,116.832918539629,53.3356324493449,1499.1363755403,[ 39.19276722  58.48820283  78.12639482 116.79555835 137.21826844 156.06001105 175.04404519 195.10118077 214.51100815 234.24271079],31
20190214,528502194,1024,1550177797.19818,117.04695275979,57.6061448047657,1073.77725084023,[ 58.87588782  78.14226944 116.72602943 136.97767698 155.95629127 175.69239098 195.01921052 234.67866314],31
20190214,528502194,1025,1550177805.50847,117.931458199186,56.7865102700074,807.21432905039,[ 58.03177651 117.58302138 136.62700673 154.55203947 175.92857998 197.14401479 235.7160836 ],31
20190214,528502194,1026,1550177820.33126,115.252410285674,58.7583155166613,1140.08422693539,[ 58.51015076 117.39936077 136.60553679 156.29796868  98.02376616 176.23036599 195.80923343 235.21081009],31
20190214,528502194,1027,1550177833.06542,116.81557354938,59.0494814217225,1412.30466935,[ 59.08303048 117.30349059 176.8172311  238.23031834],21
20190214,528502194,1028,1550177847.37784,115.392196920676,62.1862724534069,2017.58917901603,[ 58.85466203 118.07704588 176.3695211  216.29782994 236.28340983],31
20190214,528510459,1007,1550181884.3151,113.465748225532,66.0499374257185,1876.62290644271,[ 58.36108931 116.42943737 174.19107639 231.91284901],21
20190214,528510459,1008,1550181870.00396,112.066024060183,64.7986646379093,1677.23885540304,[116.9221517  175.72522871 233.84757877],21
20190214,528510459,1009,1550181856.34599,115.413720698236,65.5661562373294,1088.99716677485,[ 58.96970323  77.68263993 116.21721061 174.78123396 233.95069113],11
20190214,528510459,1010,1550181842.8944,118.171139615871,66.3858250099404,603.271663689939,[ 58.15181234  77.69227475  97.32925743 116.23624181 174.92689603 233.34120221 251.99607626],21
20190214,528510459,1011,1550181832.49847,117.650169789556,68.6098922302475,390.262880655492,[ 39.14237629  58.44348562  77.67648707  96.85755977 116.8341073 135.96904482 174.10399893 215.20007718 232.78979353],21
20190214,528510459,1012,1550181820,117.058351248005,67.8584647587394,844.879802101112,[115.96431891 174.5356346  213.34466362 231.59237127 250.63477199],21
20190214,528510459,1013,1550181805.20525,118.218602047651,67.4239057967949,1366.01242844058,[115.56771777 173.7649136  230.69821675],21
20190214,528510459,1014,1550181792.9943,117.305148552575,76.018638046664,2569.82980976112,[111.54537659 225.63749463],11
20190215,528711629,1007,1550273562.83163,111.683191739784,66.5816563980693,2041.18793968704,[ 59.0207802  117.98882476 177.33417988 218.3173083  237.40185458],21
20190215,528711629,1008,1550273546.1622,112.901821046638,67.7005730748967,1908.21087337501,[ 58.89403186 118.36455416 157.89086717 177.29442895 216.8024487 237.17557886 256.67850607],21
20190215,528711629,1010,1550273523.46526,115.439541843879,65.6818006539684,624.920577299356,[ 39.5354543   59.12241962  78.9981984   98.24728128 117.71392843 138.53102622 158.41740946 176.70145177 195.64632239 235.83877994 255.40936464],21
20190215,528711629,1011,1550273509.27279,117.22594824912,65.1336026364853,564.97917846337,[ 39.82712462  59.60791372  78.65860686  98.98583025 118.19612189 138.27094771 157.46392737 178.46841191 216.27127703 236.54353137 257.13682533],31
20190215,528711629,1012,1550273496.03021,116.444581338797,63.6854252259506,874.633335338652,[ 39.7877765   59.62902125  79.23053966  98.7871879  118.00406018 138.39446023 158.47562231 178.76023783 197.51827835 217.01890547 235.21015667 255.30854516],31
20190215,528711629,1013,1550273480.42081,116.742891170553,63.9241650112846,1183.81154157111,[ 98.36957644 117.1359569  137.70722846 156.89268099 176.11960485 196.84341904 217.50724657 234.58998182 254.50454637],31
20190215,528711629,1014,1550273467.47693,115.16922012288,63.74116398777,1644.63594445072,[ 57.95056526 116.69883646 155.82302405 175.38876377 214.51364429 234.62067815 254.85063474],21
20190215,528711629,1023,1550270437.06245,114.566396967073,58.0896060628386,1349.1603841832,[ 39.24681824  59.28836991  78.78651781  98.40543965 117.95378269 138.19854221 157.4153536  176.90826308 197.15955669 216.66891049 235.96969678],31
20190215,528711629,1024,1550270443.69118,115.473070103434,58.9246256753854,791.709855447476,[ 39.38533632  58.87095552  79.05264045  99.47158335 119.03696291 138.42422532 158.55030891 178.61506857 217.43326035 236.1614948 257.4422015 ],31
20190215,528711629,1026,1550270464.24288,113.205398151335,59.5298044659497,1483.08437297851,[ 22.42655409  39.47124888  59.31192266  79.26081017  99.3440297 118.97114281 138.14200985 158.43110419 177.3356297  198.11455488 217.56612915 237.58818787 257.38501635],21
20190215,528698927,1007,1550267767.2793,109.888439717188,69.0695875607805,2476.30801287464,[ 59.63422002 119.77767272 178.34950638 238.18072757],21
20190215,528698927,1008,1550267751.7461,112.137722781206,65.1485565920336,1836.53990456292,[ 59.63846832 118.7910405  178.36613106 238.70148065 158.93427524 138.5125581   79.91935021  99.00819954 218.84056282 197.81541232],21
20190215,528698927,1009,1550267741.75066,114.019401007812,64.0024815740556,1098.91087709549,[ 58.89868992  79.01507039 117.45849524 177.00064095 235.59614676],31
20190215,528698927,1010,1550267727.83784,116.66703696348,67.8451415939757,774.582305643876,[ 39.74611272  59.36449231  78.39839181  98.61213122 117.42306163 158.00985853 177.36940263 214.51924777 235.75275733 254.15901029],21
20190215,528698927,1011,1550267716.36043,118.31812523384,67.5904622686008,459.024592756558,[ 39.65714173  59.58093688  79.00372194  98.43718664 117.13949349 137.84979247 157.49474225 176.94998989 215.39332572 235.8634085 255.06728695],21
20190215,528698927,1013,1550267691.20865,116.240365316225,68.637531749585,1163.91670082412,[ 58.48753754  78.52844207  97.68193156 116.57175278 136.56181374 156.21218706 175.54485606 196.25839265 213.21268923 234.08834137 253.89594786],31
20190215,528698927,1014,1550267678.8265,111.751449698164,75.4657245950148,2518.45968311047,[ 58.3158196   97.45003442 117.68870495 135.51946287 156.48747266 175.99809154 196.19729624 215.1269749  230.69103989 250.77110678],31
20190215,528698927,1022,1550265032.91808,112.479354832372,60.1605755639109,2106.81859568277,[ 59.42110409  78.77060099  98.48999574 117.81962821 138.41501131 158.14248906 177.26813836 197.790268   218.32703029 235.89036485 257.02441495],31
20190215,528698927,1023,1550265040.3823,115.285906626237,58.4543341652747,1102.85225539751,[ 39.46572889  59.18655008  78.94279529  99.26292415 118.66396892 138.5105231  156.99286167 178.06345339 197.36390748 216.94747416 237.25224789 256.85116193],21
20190215,528698927,1024,1550265046.32627,114.973603101174,58.4093849004031,815.204652287695,[ 39.36619544  59.18962898  79.57673632  98.84033716 119.27367142 139.25005148 158.27485998 178.52116644 198.60714642 217.84586949 237.98863843 258.23137866],21
20190215,528698927,1025,1550265051.92315,113.305257284422,59.0997384148808,1472.59762122649,[ 59.35570648  79.48112768  98.90742587 118.32254913 139.01338688 158.45391856 178.0723457  197.75767771 217.53381433 238.19184689 258.3984646 ],11
20190215,528698927,1026,1550265065.45351,110.311448944687,59.502524231251,2264.18579106328,[ 39.90846569  59.39543528  99.28722829 118.68841766 140.0869025 159.75353338 178.00599411 199.26246455 219.62553601 237.93813649 258.39910428],11
20190219,529409728,1021,1550610926.13536,115.354704361541,57.9497367918412,1634.06517408501,[ 19.60763986  39.22740244  57.7861026   77.70852716  97.61411688 116.55253635 137.47701369 155.70152308 175.1921712  194.24990552 216.03344058 235.49064289],21
20190219,529409728,1022,1550610937.16788,116.516980854457,58.7087288559799,1224.89152570831,[ 19.70765601  38.42430296  58.71857687  78.22864335  98.08608593 117.31625921 136.74007776 156.58650598 176.31185332 196.01136686 215.69475909 235.64604181],31
20190219,529409728,1023,1550610944.85602,116.278526831792,57.9034927215876,1179.74973089771,[ 38.89091916  59.0378814   78.30128585  98.16666433 118.17614848 138.09644489 157.58808225 177.00684103 196.21479938 217.08723743 235.06231938 254.4094761 ],31
20190219,529409728,1024,1550610951.49186,114.825134492942,61.1499213022185,2044.67721123169,[ 19.35966488  39.40297875  58.46657099  78.55684506  98.93345497 116.33374448 138.04042324 156.73447682 175.13327067 195.47032657 213.90816932 234.69077993 253.58831773],21
20190219,529416700,1022,1550614671.90932,115.580133274697,59.8611397068604,1422.08828143453,[ 58.15240018  76.69017082  98.02167393 115.60247577 136.34072773 155.77355782 174.10860568 233.71105994 253.31442565],21
20190219,529416700,1023,1550614666.21398,116.361909817324,59.0868948716993,645.371471100346,[ 38.62148544  58.02682922  78.30230717  96.7208191  115.91039723 136.57432349 154.87342201 173.95992633 195.32418884 233.84024945 253.40678152],11
20190219,529416700,1024,1550614658.50394,116.861069467824,60.4634724709661,1115.13574525526,[ 39.00668784  57.81916959  76.8449101   96.02886504 114.33758188 134.94828294 153.03974661 171.8696268  193.44396596 212.65429115 232.9257197  250.44429354],11
20190219,529416700,1025,1550614649.29021,114.624394419772,60.2797972211834,2201.2366535213,[ 58.62408595 116.33226364 155.34598076 174.63702802 213.61768318 233.62939077],11
20190221,529754214,1009,1550781360,117.647759637095,64.8849921221875,1136.8748945953,[ 56.82640218  76.86416108  93.95929887 112.30988966 131.38198966 150.27457324 169.12779765 205.25749724 225.2099971 ],21
20190221,529754214,1010,1550781346.77044,117.823431984692,72.3358448642288,1638.22003671735,[111.89050754 150.85014045 167.59615688 204.42849531 222.13295125],21
20190221,529754214,1011,1550781331.574,116.072558227712,70.3862607746347,1246.04410955734,[ 75.8037394   95.35275001 113.71486235 132.89860313 152.03629808 171.21782448 208.6831873  227.9819757 ],31
20190221,529754214,1012,1550781316.65645,116.23576291078,70.1319187606299,561.710426609975,[ 57.72484059  76.81762025  95.85946674 114.55970143 133.81555226 153.28235133 172.79264038 210.47192877 228.97445016 248.77762014],11
20190221,529754214,1013,1550781302.96223,118.405488052206,70.5514772583675,290.617360542829,[ 57.40194221  19.4825801   75.92585006  94.3046139  113.96829581 133.63379801 150.67782967 171.98881532 209.54859785 227.6300106 246.90116082 265.09437262],21
20190221,529754214,1014,1550781289.73656,117.795173298927,68.5231711702638,298.709357601816,[ 57.31939688  75.98482264  95.71106882 114.88918278 133.21225409 151.11750616 170.28633822 210.58427611 191.08893782 229.35499981],31
20190221,529754214,1015,1550781276.65752,116.548934527391,69.8936990805593,799.989174187237,[ 57.12802173 113.47029245 132.57223133 151.91294445 171.05372061 189.37347939 208.30440383 227.02992652],31
20190221,529754214,1016,1550781262.28654,113.832683205964,69.9881442066455,1033.44888738388,[114.51961251 172.17937319 228.40587336],11
20190221,529754214,1017,1550781246.0304,115.56333716342,67.5247978592706,1231.86275507882,[ 58.15294923 114.68548654 153.42728383 173.41723216 210.72705394 229.43522071],21
20190221,529754214,1018,1550781233.9071,113.295036745392,69.2591623743058,1824.34659895817,[114.00354788 228.86148094],11
20190221,529754214,1019,1550777698.70947,114.623312446139,61.551726280433,1345.8199934146,[ 40.59567089  60.79875723  81.38740881 103.09744527 122.50510195 143.12576901 163.44342029 183.83544714 204.10882873 225.25546287 247.21834582 266.7988326 ],21
20190221,529754214,1020,1550777713.16773,114.735764984028,64.214570703764,1172.10355610415,[ 41.65228889  61.70137052  82.33813607 102.92572213 123.46528699 144.0622173  164.1186683  184.44535896 206.3223604  247.5102905 ],21
20190221,529754214,1021,1550777727.00322,114.95817338174,64.7250534638839,1000.9430749638,[ 61.37759823  82.02713518 102.52188912 122.19061884 143.44264871 163.82058994 184.57929348 204.73563452 225.43709926 245.747625  ],21
20190221,529754214,1023,1550777742.88438,109.943291331876,72.3243058044248,3034.28471111983,[ 40.48309833  60.79045885  82.28585605 102.01624646 122.07231402 164.10535064 183.71515325 205.05447458 244.63310404],11
20190221,529788403,1300,1550791648,110.886194212975,115.413907911385,6483.46318397598,[ 64.61749216  95.5663534  144.35805408 162.77995857 180.06701971 192.64580726],0
20190221,529788403,1301,1550791637.46737,113.95807751432,56.3104009024676,-525.237343156214,[111.72800716 167.10355092 191.02975358 223.4187275  243.97145632],10
20190221,529788403,1302,1550791638.03174,115.560215014006,62.9858837477459,419.337269951061,[109.86097418 152.02176994 163.87312775 187.12142172 209.40427637 223.41196097 241.7424342  261.68336538],10
20190221,529775831,1301,1550790750.56652,112.625565301361,53.690164744815,-1111.51180765787,[120.14082152 161.78194893 186.03102763 204.31130361 223.39687296 242.81905422],10
20190221,529775831,1302,1550790749.96825,115.665015332346,55.5784964465864,498.949935940563,[ 81.55406063 102.29503931 119.41931149 141.46903231 158.9353631 180.34669765 199.9166149  222.48381086 242.15461267],11
20190222,529970458,1010,1550878466.36783,117.351440240205,57.89003356611,-522.046911800747,[113.84185953 154.02989352 173.25332371 230.44094453],11
20190222,529970458,1011,1550878455.66438,119.065505366945,62.0383809931437,672.115219700477,[110.91655376 149.66335255 167.78130651 221.92604413],11
20190222,529970458,1012,1550878439.78161,116.662323334424,84.0524120966888,2410.04469065795,[108.90152964 145.19887527 163.79188245 218.9262121 ],11
20190222,529970458,1013,1550878418.92325,114.217890002995,65.7354621969288,1049.29178144509,[115.26541595 136.23656777 155.42017222 174.08283483 214.25344331 232.83201801],11
20190222,529970458,1014,1550878404.54594,115.829132706151,66.2534651617842,507.558633783346,[ 57.88294734  77.36396633  97.17870284 116.44660633 135.33900623 155.32453846 174.44356069 212.18846303 232.35595587],11
20190222,529970458,1015,1550878391.23912,117.603046761305,68.2744757447666,190.884285480965,[ 57.59189987  75.10653377  97.61144126 115.91722063 134.35383117 152.06678505 172.7192155  230.59266406 249.92732571],21
20190222,529970458,1016,1550878376.82593,116.771561769769,69.6072734376893,297.911917293078,[ 57.11351709  76.71064686  96.10622612 115.63672693 133.31688936 152.7096986  172.74248315 191.1964641  208.88270894 229.41607326 249.32734098],21
20190222,529970458,1017,1550878362.01621,115.984203352819,72.4142496622738,742.384970312349,[ 57.77665641  77.01065202  95.7592902  115.4591974  154.32551679 174.20615224 192.22936394 212.23844424 230.85677509],21
20190222,529970458,1018,1550878348.56816,114.138618802747,69.2764262628997,1043.47295919799,[117.53010107 234.0536996 ],21
20190222,529970458,1019,1550878333.7161,115.220849306515,74.3564980044611,1785.82007069383,[ 58.13576024  76.81430614  96.22636342 114.36353073 153.22761487 172.35094085 232.89673449 134.21554192],11
20190222,529970458,1020,1550878318.98649,112.685409427587,70.9612053647675,1727.3048019158,[ 58.25287074  77.59907977  98.33319088 116.77514902 137.46129297 157.63842924 177.23684595 236.31001619],21
20190222,529970458,1021,1550874490.87182,112.268919040047,62.9742664139164,2115.02354431002,[ 61.69060466 123.87126447 165.70411341 186.74396492 208.09880328 248.95049447],11
20190222,529970458,1022,1550874500.53469,114.00895804189,62.0366725894855,1376.98358973523,[ 62.81298363  82.25723109 102.97508077 125.53534479 144.43229186 166.96725797 187.7765745  208.61965724 247.65807417],21
20190222,529970458,1023,1550874507.15475,116.95451667193,58.2409090799186,680.584978887408,[ 62.39182199  82.95875236 103.67193055 123.76792957 144.06787569 164.39242956 185.62541838 206.19181112 228.54027836 248.53205498],11
20190222,529970458,1024,1550874513.12634,114.940036240915,62.507511056794,1259.16461113188,[ 82.93087542 103.21631369 123.84974356 144.31161521 164.9040938 186.41689664 206.78351761 227.57817637 249.1399229 ],11
20190222,529970458,1025,1550874520.73162,113.528769987833,62.8501759077779,2180.46826294793,[ 61.43313222  81.71710119 102.83473231 124.0242273  142.7129992 163.35404046 184.532785   205.10304657 246.26146611],21
20190223,530144820,1020,1550964968.14732,113.369092181137,62.8218531702382,1948.27753815722,[ 58.71075304  77.755099   116.26742646 174.30773698 233.62283396],11
20190223,530144820,1021,1550964955.08662,114.656579712904,65.1071165007635,1594.38210837625,[ 58.51258643 116.56516856 136.10532238 156.20661324 174.10019529 213.30187127 233.14888191 252.13890855],21
20190223,530144820,1022,1550964944.74818,116.648271025673,64.3471248581917,849.450678953319,[ 39.49771348  58.24335764  77.46950673  97.56549126 116.22265929 135.61526526 154.94382663 175.36208701 195.54635019 214.75330904 233.6950176  253.56380754],31
20190223,530144820,1023,1550964938.64646,117.154356331693,64.3877538642604,613.991826714066,[ 38.47441105  58.18446538  78.00253662  96.22710694 116.58892242 136.03887157 156.05564507 173.17146087 213.83310606 233.05870501 252.54067689],21
20190223,530144820,1025,1550961907.32354,115.635585429274,55.7682085700104,1670.65709641297,[ 59.23030078  98.57237479 117.00948951 137.39092536 156.15951162 176.3715475  195.18691838 215.28173715 235.25460389 255.28643751],21
20190224,530294995,1001,1551042832,112.796957721161,67.504263592958,1031.19735552995,[ 60.11845239  78.83897358  99.28122012 118.30017831 138.7371551 158.57241791 178.23610463 198.35176572 219.0933555  234.69611974],11
20190225,530342801,1012,1551062605.97276,113.391121082666,60.6743046636835,2026.21314467524,[124.3508546   61.986106   165.68976252 186.54152482 207.12872321 248.13594568],21
20190225,530342801,1013,1551062618.70619,114.499417448538,61.6878304283095,1725.96985139094,[ 62.64579239  83.33198414 103.50058261 123.61902345 144.64149225 165.01752519 185.92190726 206.80233856 248.11496826],11
20190225,530342801,1014,1551062634.17069,114.950535416886,61.0511642106792,1275.69714610327,[ 21.7229389   41.24520898  61.11634455  82.51259451 103.366201 123.57178787 144.3941677  164.97229942 185.54949627 206.61198205 227.34454737 248.25708916],21
20190225,530342801,1015,1551062648.1753,116.536738913889,59.9884438798216,798.078529518906,[ 19.63115831  41.7057903   61.63835186  82.45345317 102.87462627 123.41273971 144.45190305 165.29109346 185.35456779 206.21536721 228.40044595 248.34288742],21
20190225,530342801,1016,1551062665.35937,116.978474529577,59.3970198376479,643.607115333176,[ 61.92651696  82.27784431 103.18608077 124.17984185 145.4385346 164.54351506 186.39029275 205.96054484 226.48936723 247.95397201],21
20190225,530342801,1018,1551066104.61479,116.842223169704,63.8477281170959,301.788614328038,[ 20.04224391  38.77031618  56.99279277  76.55338938  95.43711799 115.77061049 133.43817324 154.09295366 171.35003936 191.02253435 229.84257894 249.59654293 210.89422225],21
20190225,530342801,1019,1551066089.22588,117.34718625378,61.4336179556849,434.072771997868,[ 19.35917345  38.33575046  57.48868485  76.85930323  96.96738443 115.18941922 134.60877767 154.26041948 171.81128134 191.07263329 212.37748721 231.44555335 250.74110443 268.42120445],31
20190225,530342801,1021,1551066059.42988,114.221189904251,61.6262030612399,1037.10265269223,[ 38.53533962  58.13323073  77.6539657   96.31272777 115.61957962 135.2521837  154.59024245 174.390311   193.46598678 212.33566985 228.44041567 248.69678386],21
20190225,530342801,1022,1551066047.29007,112.219786228088,64.5936827073369,1716.48023275985,[ 38.13541042  57.75982741  75.88280191  95.49406622 114.63776346 134.32208306 152.33172827 171.38887394 210.53595916 229.63781982],21
20190225,530489496,1007,1551134471.92736,111.600007792018,60.5920035885341,1745.94784781688,[ 61.90709002  77.39308179  96.96699039 114.91975842 136.29528573 154.24283097 172.32819712 210.8237278  232.87863048],11
20190225,530489496,1009,1551134442.39314,113.870470059199,63.3580594873293,1202.23259887932,[ 69.06551526  97.23602914  78.04567877 116.38754412 135.01662016 154.59022368 173.84236208 212.87019163 231.90784638],11
20190225,530489496,1010,1551134428.68232,117.593310363737,56.6915741138185,619.688186490761,[ 76.28489729  94.30116322 112.85487383 150.87119762 170.49127011 208.62239672 231.71660958],11
20190225,530489496,1011,1551134415,119.974943704532,63.0879213243535,929.40729261172,[ 93.1826978  112.38517851 131.13372546 150.21467928 168.33111036 206.32940963 223.1360134 ],11
20190225,530489496,1012,1551134398.15759,115.732798505058,68.5436927618596,1417.34345224159,[ 38.12146292  56.79671796  75.71139935  95.00078769 113.78018847 132.99586631 152.39639957 170.97634998 209.29222959 227.01839175],21
20190225,530489496,1013,1551134379.19945,115.70176951534,63.0214297670515,831.127288666631,[ 58.12882644  77.08992712  97.19826483 115.38325024 134.90123718 154.22885291 173.53280309 212.19473576 230.67543576 250.44555253 194.16025404],21
20190225,530489496,1014,1551134363.58886,117.850867419359,64.0963507453369,417.168211653025,[ 37.75254716  58.01231591  76.85305141  96.85724183 115.01393092 133.65583091 154.76941903 173.90376354 192.16222859 213.53314917 230.23381423 249.99012804],21
20190225,530489496,1016,1551134334.45378,118.71663127571,65.3645670033584,535.935296723389,[ 18.89385542  37.33422355  56.95053343  76.59725269  95.80858252 114.41679514 134.04572741 152.53455032 172.01695852 189.68305563 210.25056926 228.99373643 248.30030351],21
20190225,530489496,1017,1551134321.67233,115.568458508893,66.0012649880562,989.479933945652,[ 56.64076477  77.02064602  96.60232458 114.07319527 132.56083803 152.22036865 170.49415661 189.23969946 210.69003353 229.34115325 249.14660219],21
20190225,530489496,1019,1551134293.25721,113.065543404725,65.3202014853469,2217.09602687337,[ 57.98159166  77.0471869  114.1694225  152.68662074 172.22286253 190.93349242 227.76731605  95.61900209],21
20190225,530489496,1020,1551130932.19806,113.90467565472,61.7245008443631,2081.54624727476,[ 61.6818904   82.86353256 102.5791455  123.55404722 144.73257996 164.23946694 184.82211172 205.54326453 246.02771334],21
20190225,530489496,1021,1551130945,114.754847647332,60.4583349313737,1272.04741411445,[ 61.78575926  82.40817031 102.95669912 123.08859354 143.76218832 165.03167903 185.35160667 205.18772651 227.32673332 246.76153563],21
20190225,530489496,1023,1551130958.47608,116.949195439913,59.7378495058759,1202.51706394909,[ 41.49357737  20.64166149  61.66277731  82.74088644 103.62646785 123.75227005 143.91946726 163.77352331 184.26099519 204.75685989 228.3198498  247.40507235],21
20190225,530501643,1023,1551136174.18487,114.545561616601,53.7064463171814,1430.20780097365,[ 39.3138208   59.03434856  78.48073781  98.20896179 117.10261151 137.08015395 156.42134609 175.77719786 195.50152284 215.46851487 235.2117035 ],21
20190225,530501643,1024,1551136179.40581,116.358155004702,54.1209103629133,834.307275496953,[ 19.0540868   39.30904176  58.76025079  78.14227911  99.17319998 117.71050653 137.92744625 157.80130382 177.31250063 196.8519562 216.02619776 235.97359997],21
20190225,530501643,1025,1551136185.34655,116.978985278311,56.3962300734318,1189.45070931141,[ 18.87248954  39.27687375  58.08059338  77.98152705  97.74169622 116.75560388 136.60305616 156.83040412 174.97968444 195.08529585 215.54924433 235.42821033 254.89592818],21
20190225,530501643,1026,1551136199.8511,114.533489340785,56.8377872851726,1726.35817785714,[ 39.49022311  57.69291688  78.35590708  97.4274525  116.97015481 137.58038205 155.54488763 175.3075732  195.08515388 214.73330087 232.87783891 252.66655796],21
20190225,530501643,1027,1551136212.70918,115.277924751931,52.1659179144088,1687.54458728474,[ 39.6328344   58.8520912   79.36536078  98.56542901 117.94361201 136.81528014 157.95624529 177.5715625  214.95033559 234.38056192 255.34363667],21
20190226,530681886,1005,1551217667.69642,115.342468159537,53.0197190322307,1102.21918233221,[ 40.97119402  60.60419933  81.29584106 101.37021814 120.58256782 141.59019018 161.14675393 181.2289433  202.41278878 223.85157665 245.08935531 261.27358409],11
20190226,530681886,1006,1551217679.4445,115.966635204527,57.5822637456345,1175.55703034562,[102.84080815 121.38478339 162.87696748 184.09346307 245.65149051],11
20190226,530681886,1008,1551217714.84104,111.425644531706,59.3305365979314,1424.3642758958,[ 40.53363192  61.75334706  82.40095346 102.98404808 123.37226002 144.00846484 164.47857102 185.27444078 205.28758581 224.80393188 244.11274986],11
20190226,530681886,1009,1551217730.33376,114.397244471045,55.6710592411739,764.439912909396,[ 61.00152895  81.37252076 101.75541814 121.57875103 142.42286022 162.82392086 182.94555434 203.68990469 223.19937561 244.75704682 265.63074675],21
20190226,530681886,1010,1551217745.77284,116.830727159648,56.4902194914229,537.110609010167,[ 40.22867678  61.4617914   81.99384316 101.80694832 122.33408155 142.73607859 163.48210558 183.10972716 202.59239736 223.32492321 242.84969262 264.04747664],21
20190226,530681886,1011,1551217760.13587,117.204745020093,54.6333194312417,601.262542759496,[ 20.61691737  40.32894378  60.80531326  81.10338753 101.62583321 121.26555664 141.93817631 162.1224485  181.74517097 202.66270229 224.06796091 242.71009795 262.95965427],31
20190226,530681886,1012,1551217776.24455,115.769599365047,54.5452275158974,1025.81724821624,[ 61.04205387  81.56709322 102.3135124  122.35186088 142.42637324 162.83554935 183.29379931 204.13673127 224.45741004 244.99135257],31
20190226,530681886,1013,1551217794.36431,115.285934642217,54.7651794656788,1357.55451663083,[ 61.0498039   81.59226835 101.94211702 121.87329365 142.15697094 162.39844638 183.1492776  203.04352698 223.42025715 243.42134147],21
20190226,530681886,1014,1551217815.75541,110.308562014733,57.1455141054519,2000.71506617704,[ 40.59817844  61.32359391  81.55142259 102.21787074 122.4907025 142.79083136 162.8782829  183.30383324 204.41050416 223.8640984 243.93452766],21
20190226,530681886,1015,1551217834.11515,111.730645271742,59.4534312164731,2666.45055955966,[ 60.24884564  80.52906703 101.0291252  119.96079693 140.7452419 160.55782421 180.46471999 200.6814426  222.83155479 242.49111805],21
20190226,530681886,1016,1551217854.1412,110.807693566932,55.8048350951525,2282.31763710196,[ 60.50354477  80.51983749 101.27271001 121.39550559 141.69584886 161.79758756 181.9548926  202.73185577 220.24226668 240.20341762],21
20190226,530681886,1020,1551221247.55388,112.797032922733,65.5437697497518,2057.93369063395,[116.39669398 155.07262431 173.80866644 212.60696404 230.8742697 ],21
20190226,530681886,1022,1551221232.66868,117.689858224695,63.0036033719654,297.334794485718,[ 19.59833349  38.83874205  57.39164317  76.48515891  96.37480643 115.28274413 133.55945431 154.08291075 171.40590212 210.80415292 230.69790566 250.46940456],21
20190226,530681886,1023,1551221230.05901,116.223225565482,60.4614220325837,865.847200244971,[ 38.32454024  57.74405134  76.15718296  95.91432558 114.57911876 134.01286002 153.40016505 172.1559069  191.99912855 211.8107994 230.04067478 249.66574318],21
20190226,530681886,1024,1551221229.05345,113.441978646273,58.8115605881379,1888.0380750377,[115.43860604 134.05244488 153.1894364  172.674807   192.27571972 210.74654591 230.14549485],21
20190214,528502194,1029,1550177867.31124,111.059716150947,64.6444274091298,2397.52094788764,[119.02950248 176.49928933 234.9312505 ],11
20190214,528518474,1028,1550184693.96268,99.3622589016729,88.2536192242456,3603.49320615919,[125.96658526 188.22502735 249.24934896],11
20190215,528711629,1009,1550273534.90006,115.991559789965,65.7726001765633,1082.07412073931,[ 58.75213654  78.55502707  97.87911464 117.44293539 137.56468848 157.46763998 176.33748143 235.22023259 255.10779742],21
20190215,528711629,1025,1550270451.69183,114.849231567219,59.3643357639844,959.113621496841,[ 39.23945224  59.04172397  78.99949911  98.90248876 118.16975429 138.48575534 157.88839775 177.92016336 198.65321191 217.62245409 237.29362404 258.01160067],21
20190215,528711629,1027,1550270478.39292,110.759139998757,61.1150531054322,2125.63495711391,[ 39.41647598  59.63521881  79.42609112  99.05874102 118.35882446 138.86030102 158.83564268 177.69681639 218.08350063 238.1994855 258.95620276],11
20190215,528698927,1012,1550267702.97574,117.646277399522,68.0026904599278,740.768345738591,[ 19.49325823  39.18432262  58.47138418  78.1676315   97.59090576 116.50188272 137.42634594 156.25709052 175.49692543 196.68913393 215.10620281 234.02776287 253.52021754],21
20190219,529409728,1020,1550610910.73457,115.818904924158,57.772575231335,2183.48618732448,[ 13.89032396  27.32182288  38.77660618  58.63554875  78.21033066  97.85798999 117.90171993 136.6481825  156.94040871 176.60333064 195.96887465 215.15224353 233.75538848],21
20190219,529416700,1021,1550614687.79991,108.973800384109,66.6136413524742,2951.27252025611,[ 57.78401996 115.75488817 173.38480193 232.09459884  77.88935668  97.37192908],11
20190221,529754214,1022,1550777737.91233,112.224296685243,66.4571288153633,1481.33375770683,[ 82.47386021 102.99504218 122.46925597 143.82849539 163.84603091 184.35960118 205.57453129 245.89489804],21
20190222,529970458,1009,1550878477.29082,113.77209569799,60.2650250820141,749.16984883415,[116.79334941],10
20190223,530144820,1024,1550961900.37143,117.229872645801,55.4973011427234,899.702378914183,[ 20.49444126  39.26750446  58.45612302  77.99640398  98.45186189 117.10205444 137.27421322 156.51635881 175.34583917 195.78565673 216.03888121 236.1213612  255.80931366],21
20190225,530342801,1017,1551062681.30995,115.501363900108,59.5527108246832,633.087668809272,[ 20.7678686   41.31648088  61.71588138  82.30869424 103.21627922 123.26033653 145.23745323 165.53411806 185.37980698 206.97741555 227.72340104 248.06436385],21
20190225,530342801,1020,1551066073.89407,117.184740410036,61.9849000920705,627.383328708834,[ 38.9087353   57.30599227  76.67137607  96.66717833 114.67009013 133.6422001  153.04851986 172.45832926 191.69972621 210.25812522 228.16348993 246.88337007 265.38861324],21
20190225,530489496,1006,1551134486.93541,109.89557990264,66.7095035724104,2564.01984560692,[ 57.80752762 116.51717915 175.57552275 229.37336062],10
20190225,530489496,1015,1551134350.87287,117.463875240461,66.6802545851508,329.14500110467,[ 57.25878344  76.01476003  94.77989505 114.08529744 133.12531741 153.04565415 172.07938527 190.75800101 209.4616069  228.72051655 248.67116182],31
20190225,530489496,1018,1551134308.02497,114.420932255368,63.6951065487996,1509.93100608076,[ 57.78355255 114.48647433 133.33162443 152.8833398  171.77926236 209.95058117 229.89485304],21
20190225,530489496,1022,1551130954.02142,115.510062205195,59.8425934879698,831.625846108424,[ 62.51527504  82.69404718 103.75480915 123.67088248 144.24915021 165.62904652 185.9927105  207.48753687 228.17833372 249.24193121],21
20190225,530489496,1024,1551130963.84699,113.501203785425,63.1089412493553,2401.58657530908,[ 61.71280573  83.49772763 102.75016845 122.86782716 143.28741524 163.79777444 184.23582797 205.0002208  226.88060285 246.36103364],21
20190226,530681886,1007,1551217697.43673,111.240139079727,61.0291770992261,1445.51073196783,[ 61.43644186  82.05235358 101.73771773 122.95666404 142.50978302 164.86966319 184.57401995 203.67788889 225.03386649 244.69062055],21
20190226,530681886,1021,1551221239.65973,115.068058918715,61.4999796495163,989.047030261512,[ 77.95545119  97.10106573 114.44898418 133.46135228 153.71479146 172.97705605 210.76186806 230.55709052 250.72575522],11
20190226,530672521,1020,1551217495.34035,114.982549072799,60.0390419379789,1543.16264642883,[ 38.84796643  58.56036733  78.27292093  97.32136853 116.77732792 137.29956969 155.99989401 176.78812162 215.43264552 235.95591593 255.27851934],21
20190226,530672521,1021,1551217482.63333,115.936505747691,62.4867240660047,1374.3907540752,[ 57.56147417  77.53244341  96.42883102 115.89938176 135.26109587 154.48494266 174.76593017 193.96502648 213.8664186  234.84721013 253.84882717],11
20190226,530672521,1022,1551217472.45645,115.968554140327,61.9978140022119,910.187516797773,[ 38.96420532  58.25309698  78.30566826  97.47114831 116.806486 136.77557076 155.62755013 175.82026285 195.11477823 214.38910252 234.47835514 254.41340511],21
20190226,530672521,1023,1551217463.51138,116.105931885947,62.6030146739779,663.398709224556,[ 39.97960133  58.6096891   78.10069182  97.35693643 116.85730433 136.25862447 156.34639739 175.27210555 194.91713277 216.40005673 235.55263085 254.4332083 ],21
20190226,530672521,1024,1551214026.59884,117.916714142449,55.6196586925835,767.069988750825,[ 39.92196265  59.12690145  79.4408698   98.37941601 117.83163171 137.55828263 157.18824974 177.21956907 198.08463566 216.31406743 236.00038788 255.45042014],21
20190226,530672521,1025,1551214034.61204,116.40958675989,55.5157468480562,1436.26919502595,[ 59.69290933  79.15451243  99.46906687 118.59877759 139.02742332 158.23194817 177.54665708 198.16907643 216.88627792 238.07809446 256.54929418],31
20190226,530672521,1026,1551214050.74828,113.692742767743,55.3707280495887,2045.25022055784,[ 39.80699807  58.85359972  78.25609663  98.59721688 117.07512919 139.21760042 157.45217978 176.69686562 197.3833026  217.79749635 235.71987398],21
20190226,530695031,1012,1551223147.21854,113.901304859865,57.5133217799874,2050.69172549733,[ 39.07650457  58.76754345  78.39314064  97.57618755 117.60762651 137.81589861 157.109043   176.49906352 195.43079487 215.74534841 235.2837459   21.59776225],31
20190226,530695031,1013,1551223164.47046,112.562501545263,56.8477693186763,1831.1441667037,[ 39.38410423  58.54230045  79.06103327  99.01039089 118.00197879 138.55910665 157.58307402 177.05887295 196.47856208 216.27328576 236.32479374],31
20190226,530695031,1014,1551223180.39832,113.945484092297,58.4417922316839,1846.75073044036,[ 19.35941739  39.06470965  59.16696969  78.44411557  98.40538281 117.24555731 137.39922223 156.39023454 175.96257315 196.10573152 215.25087239 237.04026   ],21
20190226,530695031,1017,1551223231.68576,116.003159955366,59.2091851385799,1542.01895297575,[ 20.12905423  39.0211723   57.86524311  78.6106724   98.0171577 117.19905752 137.41303918 156.8403338  175.64086675 195.48542672 215.17860276 236.15054941 256.78634687],21
20190226,530695031,1018,1551223250.21741,116.067133976819,60.9771697173144,1323.52471974531,[ 38.90130189  58.31933531  77.81033273  98.1178841  116.99978105 136.46737795 155.7479402  175.61327145 194.84121849 214.26773116 234.65934644 253.42447692],21
20190226,530695031,1019,1551223266.25109,117.667298492924,59.8587731311022,796.41556362999,[ 19.64356402  39.25010882  59.22898971  78.36488595  97.58895064 116.80999134 136.6318337  156.14700037 175.64007424 195.75886929 214.8266196  235.03935873 254.21614256],21
20190226,530695031,1020,1551223281.40019,118.281099682952,59.8326120314161,595.563264893241,[ 21.98421342  38.96464114  58.57346944  78.57089439  97.47987643 116.61010004 137.09099525 156.06813883 175.57669735 195.31882676 216.65285116 235.26817862 255.35555015],31
20190226,530695031,1021,1551223295.81116,118.704639868365,61.240188664723,682.113454468728,[ 19.31651388  39.29343148  58.75047285  78.76779241  98.19206882 117.54810299 137.11397186 156.54111166 176.41624701 196.47391 216.65150097 236.58542776 256.74671878],31
20190226,530695031,1022,1551223309.85786,117.386632847655,62.5028611932548,1131.5585843841,[ 19.84671565  38.82980554  59.20601242  79.09515011  98.8779635 117.70658015 139.1658418  156.61481443 176.61308026 196.89788203 217.56626391 234.80741202 254.71712942],31
20190226,530695031,1023,1551223320.99345,116.028016332505,62.2482147374912,1728.15054115346,[ 40.2154244   59.25812108  78.61220196  97.1294344  118.91710977 136.63045983 158.94924518 177.90968887 213.73346142 235.54214933 255.65325021],11
20190227,530706111,1009,1551228089.0021,115.006398640636,54.6715909589647,1574.81987432554,[ 59.12872728  78.59613283  98.98906004 118.2754144  138.08509677 158.20523099 176.94766438 197.01295923 216.52843253 236.57116588  19.85671502],21
20190227,530706111,1010,1551228103.77577,116.230826984706,54.7321066858207,1063.15082072802,[ 19.39858384  39.8342781   59.09105896  79.19795355  99.072101 117.55277464 138.57876275 157.89330023 177.27744343 196.29454576 216.76214857 236.4443214  255.99305305],31
20190227,530706111,1011,1551228118.99978,116.039899140822,54.6222289912327,631.999314825787,[ 19.8298551   39.51009707  59.28633108  79.21669815  98.89077031 118.32675023 138.40551772 157.98214345 177.37301999 198.14127841 216.80063661 236.59263996 256.39580519],21
20190227,530706111,1012,1551231131.07429,117.565033568103,61.6834270689598,486.483602634968,[ 20.06638845  39.03451475  59.12531441  78.22515864  97.58489343 117.72184775 136.66316456 156.47249891 176.43254163 195.83841049 214.95983943 234.63351619 254.54166104],21
20190227,530706111,1013,1551231115.97833,118.217471136915,61.9673714736232,483.35594101506,[ 19.64187716  39.47699529  58.70124947  78.95680175  98.22547032 117.59310024 137.65725622 156.54024517 175.93967408 196.79199845 215.05764272 235.04214451 255.85492647],21
20190227,530706111,1014,1551231099.09957,118.035880059013,60.3220208166134,668.457768168102,[ 38.96181212  58.45280229  78.45319564  96.97310079 117.33515618 155.79478342 175.73486782 196.0082106  215.86054189 235.49576742 254.83265991],11
20190227,530706111,1015,1551231083.71154,116.769298841845,60.1653185923957,1004.88972180541,[ 39.62519148  58.67501134  97.54894618 117.26768114 137.31961473 156.93862612 176.62872731 196.62985736 216.08698199 234.28510286 253.86062312],11
20190227,530706111,1016,1551231066.73923,115.634947278426,61.4303643417397,1335.24776176615,[ 39.34156467  58.4246516   78.70328128  97.78303466 117.1853907 137.52985167 156.57587045 176.69076486 196.01363135 214.74635238 233.21542864 252.88956854],21
20190227,530706111,1017,1551231050.15673,114.460010318791,60.5491853539768,1472.85004698393,[  7.24923559  39.1735642   58.54437132  78.33619528  98.83889124 116.31986077 136.84913879 156.29555526 175.63090539 196.48280765 215.87410269 236.32661022 254.80603206],21
20190227,530706111,1018,1551231034.54058,114.773218959666,58.1486084862312,1561.35744533308,[ 39.53111533  58.88956742  78.4078577   98.05176149 118.34981131 138.31433557 157.5327015  177.06846277 214.64761344 235.54120073],21
20190227,530695031,1021,1551225979.28153,115.933366731806,62.8054158667095,1636.24285751413,[ 40.3903267   59.71611501  99.59237864 118.08498145 139.47565462 158.07121965 178.20961635 198.42281453 217.60808566 235.97212221 255.68495601  79.27331349],21
20190227,530695031,1022,1551225970.16048,116.661845928465,62.8749175073234,932.578730494343,[ 39.85060332  58.83251717  78.51261029  98.75331503 117.56529669 138.15104833 157.56145719 176.32134764 217.16008763 236.569683 255.36855254],21
20190227,530695031,1023,1551225962.49251,118.160979848294,62.8774104174035,441.865241825149,[ 58.34545933  78.01005587  97.98412769 117.08682949 137.25115332 156.23711069 176.00557946 196.86947304 215.80463478 235.55143319 255.61842674],21
20190227,530695031,1024,1551225955.65821,116.927191870272,64.0934887789017,1239.28273623253,[ 58.97156463 117.67797308 136.91253039 156.48959477 175.85355265 195.83690304 215.67971099 234.35391242 253.31254248],21
20190227,530695031,1025,1551225948.04895,113.274166518534,65.3081322914624,2358.60891749987,[ 58.94488998  97.60560141 117.79473177 138.09948425 157.89079397 176.7996119  215.9241728  234.15421749  39.38061697],21
20190227,530842926,1023,1551293345.22942,114.700419453917,70.1594999175549,1838.38851436634,[ 37.17746838  55.4189887   74.69500614  93.33965952 111.34635186 130.95359274 148.69004531 166.75213467 204.99666393 191.0261993 224.46550819 243.33526675],11
20190227,530842926,1024,1551293336.11715,116.585509005684,66.7567822090147,866.040884585793,[ 38.03493503  55.5759378   75.29506169  92.74791898 111.49203327 130.97475149 148.92772167 167.10277433 186.16363164 204.52633267 224.53229304 243.79668537],11
20190227,530842926,1025,1551291031.39222,117.574239515526,56.8031295159232,739.098350315204,[ 19.11888523  38.88951698  57.88993157  76.92302671  95.95657526 114.99736973 133.93502749 154.00917497 172.39162402 192.45276246 210.18671777 229.33642225],21
20190227,530842926,1026,1551291047.71848,116.493605847577,57.1179736351112,931.402464019886,[ 38.09824685  57.3479405   77.02594659  95.69449201 115.18685878 134.17151495 153.78718198 172.42893289 190.92878136 209.90687798 229.71306254 248.52607794],31
20190227,530842926,1027,1551291064.34406,115.702534455593,56.5336775315228,1152.72511509759,[ 38.87191219  57.46920353  76.7220457   95.37746506 114.40058718 134.8209258  153.0319506  172.29160883 191.67235478 210.33602515 229.25430165 248.95843446],31
20190227,530842926,1028,1551291080.94407,115.631566779609,55.9675741112457,1381.61408693634,[ 38.20413833  57.02133874  76.86487179  95.95348736 114.43691908 134.10888779 153.10996462 171.64731012 192.1056406  210.23773787 229.64368494 248.87629376],31
20190227,530842926,1029,1551293268.15757,114.601708500607,66.3803546596147,1689.34769710565,[ 37.11084336  55.60118277  75.258098    93.15104262 111.79329282 130.51164267 148.55949763 166.9382108  186.33562218 205.35982018 225.21472589 244.98808922],21
20190227,530842926,1030,1551293259.20058,113.13709606719,67.1163325424754,2306.25421721137,[ 37.33071931  55.93670594  93.83317406 112.19218194 130.78161924 149.24930162 168.38192247 205.54903133 224.09955154],21
20190228,530893864,1015,1551316020.76707,132.55642433298,124.522587363775,5341.73369055641,[ 91.20784131  45.57086366 106.98315824 122.22264999 137.23121673 180.66567806],11
20190228,530893864,1016,1551316001.43562,111.774169494697,74.7257588282033,2918.96678798664,[ 93.15447262 111.70789815 131.31901624 149.96239004 169.08963599 206.52072514 228.10162149],11
20190228,530893864,1017,1551315983.45683,114.530073118613,61.0446301733391,990.095029682469,[ 57.45850345  76.12657596  94.98316017 115.48628661 134.52748862 153.66598441 172.71988188 194.55602706 211.22323889 229.73670516],21
20190228,530893864,1018,1551315970.6418,116.109740132268,67.0935005223615,690.05386270287,[ 75.68476921  94.67965526 113.32674073 131.7551349  149.87195001 168.83371755 206.60626347 226.09513958 245.91071192 187.81147704],31
20190228,530893864,1019,1551315955.07719,118.78641022761,65.2906335802104,265.479949102383,[ 56.59838423  74.90690715  94.41215113 112.65472533 131.49731758 151.24720148 168.95584594 189.19303401 206.87264678 227.07951352 245.58611277 264.24886895],21
20190228,530893864,1020,1551315940.32658,118.415287911689,64.5036343805399,259.362118002429,[ 37.16840957  56.19053956  74.28447598 112.81552947 133.0117124 149.3822768  168.14445541 185.48358598 206.14206031 226.11011897 245.8451173 ],21
20190228,530893864,1021,1551315926.93345,116.092186914866,64.5782233986094,644.003690896079,[ 38.1727999   56.23057095  75.42948106  93.27768538 112.79338156 132.38682126 149.9820733  170.21656825 188.59146396 207.08766777 226.86430266 244.77327829 265.02851226],21
20190228,530893864,1022,1551312198.23573,115.046765095621,57.1130638132634,922.061546524547,[ 42.00671556  61.96793615  81.89064108 101.98825699 122.93683503 143.73996716 163.81740864 184.62054077 206.95274681 227.56104224 248.24359431],21
20190228,530893864,1023,1551312200.63437,119.173311293002,57.7537761464142,1135.41449429029,[ 41.17290754  61.23169724  81.92704831 102.59106501 122.72430517 143.11128378 163.72981724 184.52182616 205.32771335 227.72640406 248.47701761],21
20190228,530893864,1024,1551312201.27916,122.169657720098,58.2011944616339,1977.98610060868,[ 61.80926375  81.8269241  103.24043633 122.975324   143.57800305 163.86246803 183.88027683 205.01678834 226.72734808 246.76878096  61.79072037],21
20190228,531043310,1007,1551387323.35701,111.037956895141,68.1581391132941,1964.0521561226,[115.01189742 152.95638358 173.40656702 235.55344861],21
20190228,531043310,1008,1551387305.50483,114.145141789283,63.1939239619369,1331.37358665915,[ 98.30615934 115.44924694 176.53552117 158.30383771 238.81393364  79.97561494],11
20190228,531043310,1009,1551387296.48319,115.373803126236,63.6353670923018,909.378920101915,[ 97.44311905 114.72397059 135.90728219 154.3742594  173.86999306 212.68087444 233.92033482],11
20190228,531043310,1010,1551387285.55408,115.080287410044,67.5476326131393,1069.27852720755,[115.9029715  152.56367417 172.41372566 227.66253457],11
20190228,531043310,1011,1551387271.94426,116.301309199931,68.5413272086348,1001.60951979306,[ 38.2970803   56.99468677  76.20726142  95.70998347 114.4504479 134.21565184 153.46057505 172.25194178 210.70964937 227.61285954],21
20190228,531043310,1012,1551387257,115.880781550242,66.8215066426204,815.763649953153,[ 76.87865681  96.32451278 114.1827573  134.84169792 152.81957776 171.9385017  230.77193568],21
20190228,531043310,1013,1551387241.5893,116.871408643419,56.2163643235417,522.735083495196,[ 75.85963757  96.24057233 115.65739394 134.31982349 153.87054922 173.61566897 213.05251628 229.5441728  195.88404442],21
20190228,531043310,1014,1551387228.49406,117.748299913169,62.0018446516831,848.592835378357,[ 37.62347481  56.4763404   75.61549523  94.28363729 112.76445637 132.53606211 150.57578363 170.28742684 189.35266815 208.74131807 226.68817365],21
20190228,531043310,1016,1551387199.55038,106.938825207129,70.7930544113248,2505.35292472475,[ 37.95318184  55.62839298  74.93201421  94.40506764 113.84782974 131.92245048 149.76910344 168.18669694 209.45380331 226.73805081],21
20190228,531043310,1017,1551387172.01317,114.620273403636,59.1863719035594,930.715496295348,[ 58.34744996  77.55551563  97.02943526 116.76806548 136.39771327 155.57838312 174.69112371 214.53412689 235.87724045],21
20190228,531043310,1018,1551387159,117.661148302608,64.240317153122,570.61576572365,[ 58.2483539   77.07983436  95.29265089 113.79855517 134.05841671 153.21090133 172.23448119 209.84904606 229.27652086 249.99630178],21
20190228,531043310,1019,1551387145.02102,118.751149949436,65.2547608663683,252.302174559439,[ 18.91447802  38.40011528  57.09398932  76.06519091  95.02981199 113.0349595  133.29199778 151.11286939 170.60104978 198.04546428 230.05074584 248.52417083 191.62295306],21
20190228,531043310,1020,1551382661.8575,117.524322596734,59.4623845418492,784.429651758898,[ 19.84399725  41.22181413  61.81850911  82.61754515 102.63971432 122.95250405 143.93942767 164.609772   185.12792718 205.20025843 227.72605158 247.29821359],21
20190228,531043310,1021,1551382676.08679,115.949910374891,60.3620379464823,983.478537230046,[ 41.70685426  61.71518078  82.46849047 103.47674231 123.20832332 144.94950464 164.50153661 185.51036443 205.71415437 227.47408689 248.89608544],21
20190228,531043310,1022,1551387103.38365,113.046647451193,67.0375405447168,1745.76501789869,[115.50582038 135.05065175 153.6466582  173.41817183 193.56737452 212.07021157 232.38819549],31
20190301,531236830,1009,1551473188.14913,113.987966877414,67.4481943422376,1365.57196020753,[ 57.66479956  76.79266593  97.19246951 115.06664305 134.49675781 153.61321066 172.86841553 212.47469483 234.05341918 253.53905609],11
20190301,531236830,1010,1551473178.77187,113.169665931686,64.3421693572808,925.582332377373,[ 76.11634403  96.00805657 115.33750016 133.6814203  153.3122747 172.67838336 230.11655345 254.75331407],11
20190301,531236830,1011,1551473163.9602,116.629933145705,70.1699523450974,1108.7648363994,[ 57.3696626   75.65932636  95.17971363 114.49445616 133.64908636 151.15417166 170.79896961 189.54722277 208.76962844 227.18545686 245.88637694],21
20190301,531236830,1012,1551473147.49921,114.366294998899,70.6318694988244,1229.50248626264,[ 38.66374882  57.51049909  76.73466946  95.82317997 114.29638173 133.91934906 154.14508085 171.27860116 190.94770774 209.51718179 229.14736919 248.53561093],31
20190301,531236830,1013,1551473132.69379,115.329384752501,61.4235841079838,811.294932369892,[ 57.34079949  75.75056812  95.55509428 113.72017157 133.0927773 151.68977503 170.34347397 209.10227887 231.56966983  38.69171951],21
20190301,531236830,1015,1551473102.5637,119.710963000565,64.1015601853851,1079.36159298704,[110.06298302 129.48515145 146.33050753 164.94415574 202.10307766 224.04128685],11
20190301,531236830,1016,1551473087.79404,113.707686939719,67.7200182269183,2405.36456730567,[112.29856843 149.44862573 168.57797639 224.41263224],21
20190301,531236830,1017,1551473061.92856,114.321190534823,61.4530214464398,1657.98932619847,[ 95.91249906 115.53430117 134.45399646 153.48764372 172.54376192 211.16565343 233.68396867  78.75812142  59.07230859],21
20190301,531236830,1018,1551473048.01342,116.396821541326,59.9223204471165,739.085280875429,[ 77.33062862  94.79126066 114.96083953 135.1658456  153.51399316 172.69664826 214.41748785 228.91215761  57.87843772],21
20190301,531236830,1019,1551473033.39263,117.828898029963,64.3733868464614,514.733331673615,[ 57.26617217  77.0414848   95.28708214 114.48670799 133.51255069 153.52875861 172.82555937 209.33252322 228.51787511 248.38302776],21
20190301,531236830,1020,1551473018.74025,117.005627216428,64.1171373001524,288.308480333831,[ 19.63448565  37.83089227  57.24850079  75.57317245  95.02369438 114.16531795 133.34824957 152.75058771 170.41053053 207.08430568 231.32998124 250.06421403 190.40919868],21
20190301,531236830,1021,1551473003.10119,116.644588623644,63.6771255152937,401.79715526558,[ 18.89345961  37.81144753  57.62002915  76.53398782  94.75953053 115.2416899  133.50376714 153.63452963 173.2455057  192.06692178 209.69563869 229.71151412 250.32787006 268.91361467],21
20190301,531236830,1022,1551469466.6568,114.719873470727,57.5974651955306,958.870278983833,[ 63.10987409  82.92412284 104.30073148 124.40059586 145.77625901 166.60492605 187.41035499 209.27633168 250.68060548],21
20190301,531236830,1023,1551469474.08346,115.734503734773,56.160013818366,1317.39971372688,[ 21.19759176  42.20643363  62.09687185  83.96317281 104.56053425 124.87548015 145.71993993 165.8287129  186.78461194 207.46304532 228.99445207 250.58068402],1
20190301,531236830,1024,1551469482.34227,111.107525428576,58.9041515147125,2276.45156621769,[105.03482702 125.63121045 146.75109276 167.00369849 187.44657493 208.45058748 228.94992754 248.35186046],11
20190301,531254054,1014,1551479351.18596,109.966946659479,127.003196504011,7274.00346585726,[ 26.23000347  39.70973593  52.76736724  65.83542566  78.82252578  88.64666245 107.61241461 124.02989522 127.18312471 140.29571773 154.36211036 161.14978738 196.55165817 212.81652971],1
20190301,531254054,1015,1551479335.06219,115.1549135028,58.7030945270157,677.377887983312,[116.46588276 135.36460501 154.00762118 174.45472967 213.22738857 232.2719417 ],11
20190301,531254054,1016,1551479318.6613,117.620790696647,63.1992182648757,631.593781167106,[ 57.26412431  76.70926943  94.71449783 113.55974638 133.13603152 151.86215766 171.62759197 190.88987756 209.89770912 228.21368941 246.68073529],21
20190301,531254054,1017,1551479305.34199,116.660393401738,64.5588578397386,416.613469094522,[ 56.76046852  75.38715737  95.083377   113.76600403 133.63290429 153.18348055 171.12964361 190.36823056 208.48497593 227.66387587 246.6344395 ],21
20190301,531254054,1018,1551479290.59794,118.385980168942,64.3639607248548,336.54496399301,[ 38.05865618  57.22445518  76.18653953  95.06076536 112.99572644 132.5870953  150.83040971 170.83819232 189.6517744  208.68668609 229.22117983 247.57940718],21
20190301,531254054,1019,1551479277.53404,117.83706247255,64.8432630501634,887.533023230992,[ 56.96444916  75.18989161  94.37241424 113.13738731 131.92904992 151.6213362  170.14983406 189.45013404 207.71467213 226.9073705 ],31
20190301,531254054,1020,1551479257.80587,121.990732865441,65.8717868784953,1417.42823630581,[ 37.14357967  56.39044328  75.76976983  94.58004933 112.84229402 131.87892558 150.05069528 168.83240209 188.15771327 207.6367027 227.21876616],21
20190301,531254054,1021,1551476026.93698,113.325584252627,57.4943100590151,1530.86731688976,[ 62.36961553  82.55647462 103.30624982 123.50456827 144.61701782 164.80323708 186.30678877 206.79405404 226.81172323 245.94323749],21
20190301,531254054,1022,1551476038.12182,115.029810219923,57.8739712604856,943.733423283609,[ 62.4332411   83.2069013  103.17141284 123.67228297 144.19223253 164.81816192 185.92139583 206.22093085 114.75555793 227.17840771 248.91569088],31
20190301,531254054,1023,1551476044.59131,115.058612139381,58.8116523346543,998.56044964324,[ 41.1813229   61.56113726  82.81556398 103.86875947 124.17240487 144.67398732 165.95740108 185.70256546 206.32570778 227.06329179 248.36914923],21
20190301,531254054,1024,1551476049.28817,113.69040706643,59.3755569939753,1676.40858005997,[ 61.8731604   82.91614008 144.46171464 164.95014132 185.64725122 206.5090056  227.17907542 247.76999656 123.44872756],31
20190302,531272879,1020,1551487232.62148,112.751454994923,62.7604457771245,2457.45009182661,[ 37.64870642  58.74734257  77.95156651  97.25530534 117.29988002 136.24507423 157.89304635 176.45240853 215.27248352 232.97181501 254.3710778 ],21
20190302,531272879,1021,1551487217.89882,115.141181904767,59.3633007186233,1581.91485140107,[ 19.89047771  39.07611301  58.35751994  78.62959558  98.07349837 117.47476082 137.06287774 155.13149914 176.03021857 215.03529838 195.57599753 233.42109404 253.15875084],21
20190302,531272879,1022,1551487207.01719,115.796797042037,61.1314490098568,1006.26865645852,[ 19.90880577  39.21662484  58.50733858  77.8007053   98.48814329 117.56666787 138.10678526 157.08032101 176.51186402 196.10734743 215.86927154 233.91579829 254.3596975 ],31
20190302,531272879,1023,1551487199.08235,117.101352919458,60.6841087689392,672.35184938432,[ 19.71871137  39.26203198  59.10315214  78.82929889  98.20098172 117.260869   137.09285767 157.11605928 175.88914786 195.6980316 215.9806645  235.92102649 255.06654827],31
20190302,531272879,1024,1551487192.86537,116.168525257676,59.8752801209429,1201.03262298002,[ 39.22415168  59.12060081  78.97869991  99.07507684 118.03921403 136.87415185 157.16270762 176.63146276 196.72726403 216.15339936 236.40879657 256.87742412],31
20190302,531417015,1015,1551560051.89803,116.135195036091,60.1828531695258,1596.4578248264,[ 38.94074205  57.17289775  76.57850318  96.28508906 113.96859573 134.20160324 153.58880708 171.82305745 191.54625276 210.69704626 230.03873161 250.52912177],21
20190302,531417015,1016,1551560067.90768,116.282265995303,61.9714887753233,1436.4853462012,[ 58.10413494  76.79472182  96.60413829 114.78530179 134.80106829 153.24712747 172.15395728 191.6584453  209.76150227 229.28936755 248.17593487  39.18326124],31
20190302,531417015,1017,1551560083.12849,115.508409636813,61.1575865842482,1019.23064352505,[ 38.79444724  57.58632068  76.36743776  96.44963404 114.61727143 135.07518693 153.16474724 173.06269803 191.67926628 211.54730167 231.64539482 250.39626732],21
20190302,531417015,1018,1551560096.37204,117.093727091465,61.832640560519,781.941884124074,[ 19.39482805  38.70241868  57.06927007  75.83414262  95.43321248 114.56676416 133.94820366 153.2363277  172.28648072 191.38630852 211.11138865 231.50057938 250.72323023],21
20190302,531417015,1019,1551560111.07405,117.189960195258,61.5994822839714,753.494043566608,[ 38.8758264   57.39699797  76.84223631  95.95375182 115.61385014 134.63668744 153.33334324 172.55346711 192.36804011 210.06793717 229.42186465 249.23559401],31
20190302,531417015,1020,1551560125.74073,117.397888390592,61.1801138727925,875.215226806112,[ 38.38619334  57.0144763   76.72929368  95.52788941 114.44106238 133.9245657  153.0049946  172.81085427 191.55233342 210.74209417 231.08921313 250.13075261],21
20190302,531417015,1021,1551560138.98331,116.118971892695,61.8274653647847,1320.87681200651,[ 57.43550515  96.02722022 116.11611737 133.97647314 154.16600126 173.74541181 192.56567967 213.6385858  232.36041993],21
20190302,531417015,1022,1551560150.43962,112.342380571791,64.8938607802391,2305.16593245888,[ 96.69487611 114.32200717 134.60574381 153.3503883  172.70103488 210.93480055 230.19440274 249.52612959],21
20190302,531424585,1014,1551564685.6598,110.772028544438,59.6229814711053,1868.26009101261,[ 58.38789439  78.33844468  96.65768479 116.84713708 136.27451528 155.39044908 174.0633447  194.98499712 213.97650471 233.41333499 253.58078784],21
20190302,531424585,1015,1551564675.50424,113.091414317348,61.0313713520926,1275.16972733356,[ 38.35745289  57.58022859  77.25606516  96.6049911  115.90051167 134.31438249 154.08280944 173.59585626 213.55613116 231.3339677 250.54934971],21
20190302,531424585,1016,1551564660.85498,115.495709404881,61.026006364886,860.04311580276,[ 58.13486974  77.69489909  95.42873273 115.59966167 134.65641899 154.08165393 172.88944423 188.71553455 211.51426582 230.64347555 250.06967709],21
20190302,531424585,1017,1551564648.59768,116.710582708301,60.7193840117983,490.078008092073,[ 19.5630501   38.30721761  56.8138717   76.40810969  96.06056096 115.53476332 133.5491582  153.51069694 171.45201335 191.42470527 210.40193037 231.03120476 249.71941676 261.46824447],21
20190302,531424585,1018,1551564636.21974,115.866508273053,59.5642127580261,746.436177386721,[ 38.23743614  57.81548069  76.61441585  95.71291185 115.25209322 135.39069261 154.0720011  173.06928246 192.4552836  211.40879798 231.36247191 250.93694166],21
20190302,531424585,1019,1551564622.38556,115.970494306231,56.4015572808523,1164.04761441373,[ 38.46690996  57.64697799  76.83323593  96.07734321 114.51146181 134.43830047 152.90713891 172.22949737 191.89836161 210.56196667 229.84666349 249.08602432],21
20190302,531424585,1020,1551564607.55444,115.342929290045,56.0824239079296,1745.68266546848,[ 38.37688353  57.07590766  76.91225598  95.55225768 113.685316 133.15459321 151.90227069 170.94368382 191.40353745 208.57298579 227.04073393],21
20190303,531583949,1015,1551651942.07382,111.253666032815,54.9185939424997,2455.58723262474,[ 57.18817746  76.4937017   95.31261174 114.6041328  134.45413567 153.38893709 172.05751184 191.48904964 210.70570829 228.63401652 249.48741864],21
20190303,531583949,1016,1551651960.26692,112.719308255537,55.4415580723429,2251.69943288727,[ 57.01916625  76.2511453   95.41084768 115.00009561 134.04662827 152.5589727  171.86206306 190.98169282 210.63075628 229.05484943 249.97687574],21
20190303,531583949,1017,1551651978.32148,114.318944982081,55.0887323474699,1790.67558394956,[ 38.7313385   57.6648532   76.85271161  95.96953992 114.03809352 134.04643742 153.06549252 172.05566946 190.99387887 210.77975365 228.51725139 248.00015531],21
20190303,531583949,1018,1551651992.41786,116.929524689239,53.3520997841721,1265.83998281669,[ 57.29124062  75.99296     95.46460436 114.76091161 134.28361976 152.72487016 172.07160608 191.1358241  209.97391122 228.61357624],31
20190303,531583949,1019,1551652008.25992,116.184667937361,53.1007931868767,1196.66530261438,[ 37.37299947  56.50073261  76.2724073   94.93150715 113.74507428 133.04559304 152.43714508 170.71215252 190.22875758 209.94939065 229.48831304 248.78013955],21
20190303,531583949,1020,1551652023.77835,116.793327851556,53.4278432923779,1334.50372209761,[ 38.65484255  57.22245747  76.65325569  96.20483613 113.70928685 133.53757209 152.57507447 172.14601405 191.26593568 210.65817346 230.02898839 250.17605117],21
20190303,531583949,1021,1551652038.52708,114.225318336827,52.6262062844471,1612.28556955911,[ 38.83765349  57.76743396  76.48648484  96.76167151 114.50722028 133.34761066 152.49609009 171.41292922 192.17169735 211.14767035 230.93823159 249.3612086 ],21
20190304,531605202,1008,1551662328.66707,113.090519743716,51.6336689627581,1750.26279783847,[ 57.84283329  96.20957853 114.55991267 134.27004326 153.09454588 172.58296932 192.86530587 211.4831252  230.81505309 249.19207754],21
20190304,531605202,1009,1551662341.78808,114.929058047554,51.5384440819098,1147.26913023427,[ 57.94648424  76.51124608  96.37896167 114.79194349 134.81617867 154.19011796 173.38168114 193.03776666 212.3117784  231.72732626 250.76851035],21
20190304,531605202,1010,1551662355.21397,116.55450016363,53.7327606834292,877.732155908249,[ 38.52437235  57.95319231  77.56489968  96.92031051 115.9112768 135.92336328 155.02414995 173.86926386 193.16006528 213.12148078 232.07025334 252.27707899],31
20190304,531605202,1011,1551662369.82168,116.094754260995,54.5598631524413,800.850828158002,[ 58.16891006  96.81886159 115.82753219 135.05121192 154.46347352 173.73971287 193.50466675 212.23052201 232.24132836 252.24359229],21
20190304,531605202,1012,1551662386.60472,114.510773109476,54.97868256025,1106.81383949184,[ 57.7804279   77.07841411  96.5802644  115.34705941 135.12691681 154.70258698 173.72125784 193.09736566 213.83055958 232.51613059 251.65726099],31
20190304,531605202,1013,1551662403.47887,113.282695132519,55.4903646555256,1428.3772649866,[ 57.86017374  77.10533771  96.64561843 115.44397713 135.26389141 154.53458559 174.25696004 193.13693542 212.79682979 231.85293444 250.61161221],31
20190304,531605202,1014,1551662419.68571,112.312606637667,56.128749528459,1922.37846832325,[ 38.97422826  57.75966896  95.64892031 115.65849389 134.62550877 154.36926523 173.58226078 192.92646292 211.82698764 232.31997356 251.70687067],21
20190304,531605202,1016,1551667479.15721,111.108692790495,67.160122377833,2646.2171778889,[ 38.51039884  57.57929115  76.94068641  96.28436849 115.4807521 135.49985633 154.4913231  174.23143925 191.72227895 212.51227624 231.72779035 250.41404536],21
20190304,531605202,1017,1551667463.98752,112.18704057487,66.5442048898365,2227.73715216741,[ 57.58976436  77.58269276  96.73212528 116.03313918 135.42316532 154.87934351 173.56943582 193.22387101 212.32672603 231.13519292 251.31695451],21
20190304,531605202,1018,1551667449.69497,114.181500681027,66.2185393369051,1752.82331171219,[ 39.11532246  58.04635788  77.08213399  95.67036245 117.08028281 134.335974   156.16983312 175.95828623 191.90791211 210.53281668 231.4637452  250.92154347],21
20190304,531605202,1019,1551667435.79814,115.546609995844,66.8203529642028,1498.37101003579,[ 57.64313837  77.70481783  97.56668415 115.29089574 133.64836481 155.46780736 174.0282058  193.58820516 213.60063788 232.53808394 251.28973532],21
20190304,531605202,1020,1551667421.7611,114.47476509557,66.4590066150022,1357.96225793164,[ 38.35400703  57.86336932  76.99380745  95.44011403 114.95111609 133.71396144 152.72091507 172.27973942 193.70521675 212.36158865 231.68382583],21
20190304,531605202,1021,1551667407.52831,115.726021616047,65.8013833798891,1319.48981585473,[ 38.60665216  57.46665067  77.26794924  96.26962414 115.28529433 133.94172622 153.29452513 173.81283932 191.56427233 212.51834481 231.31730765  19.33860242],21
20190304,531605202,1022,1551667396.27863,115.182115001715,66.2614606083631,1694.57204737095,[ 38.56722741  58.07550721  96.21606245 114.57444088 134.3838594 153.42774084 172.7975619  192.33304565 229.65871576 211.22754088],21
20190304,531605202,1023,1551667388.6874,114.086725142876,65.2378380745961,2171.94740680733,[ 38.28515397  57.27900055  95.62938438 114.74633945 133.82530883 153.13838518 172.21367834 191.59617292 210.76247457 230.22290094],21
20190304,531743626,1303,1551734734.29255,113.58217605411,61.5361648273557,1799.83890498256,[ 37.56486338  56.36308287  74.93576566  94.00400708 113.01023126 132.59020536 151.00432029 170.23093574 188.70573152 207.37989836 225.93228705],21
20190304,531743626,1304,1551734726.97116,117.410554014954,60.7606729082668,658.658686054234,[ 94.74402108 111.24338938 132.14583305 149.07432867 167.67178713 186.06693718 204.45174389 226.11452876 246.30636361],21
20190304,531743626,1305,1551734733.67113,117.590803099123,61.8189019669447,944.765550394888,[ 92.82968042 112.21008645 131.64789669 150.80505225 168.65168707 187.94766683 206.25851272 225.873304   245.15074962 263.76281252],21
20190304,531743626,1306,1551734731.76139,115.698570285221,61.3491883886899,1641.48377856578,[ 56.08784186  74.23918656  93.57098737 111.95502062 131.15286043 149.41676276 167.44163354 185.91175027 205.23904183 225.44690873 245.01024485],21
20190305,531901801,1006,1551811067.97662,116.178502912804,59.0112758374661,1772.88737896633,[ 58.2058794   77.01644638  95.59821094 115.20810629 134.73068596 154.35211453 172.35224328 192.24359642 210.42264917 230.26695449 249.82131037],21
20190305,531901801,1007,1551811051.51564,111.944285069552,60.2591016746736,2067.78520721101,[ 58.17165472  77.76787374  96.15774186 115.85554129 137.13898782 154.62961999 174.57964122 195.66757302 215.67988799 230.28040123 250.28030668],31
20190305,531901801,1008,1551811029.69915,114.675154171548,59.2606012405381,1922.59680397599,[ 58.95098014 116.74651767 137.41353072 156.52394465 174.45642535 214.37148676 235.18319537 250.83584951],21
20190305,531901801,1009,1551811018.37343,114.317856498103,57.1591520660129,1113.37375537336,[ 57.99221743  78.58995138  97.05262829 116.3491658  136.82957061 174.27701895 214.06246401 233.9597163  253.13306947],31
20190305,531901801,1010,1551811003.26907,117.736268414048,58.9494227125363,777.463788308184,[ 38.93853736  57.67700899  76.96820643  96.36119758 116.57290091 134.70162159 155.07361436 173.57426244 192.26070579 212.60754213 232.35271158 251.13239561],31
20190305,531901801,1011,1551810989.25168,118.55901120542,60.147818826325,549.372692975524,[ 19.15435979  38.32278606  57.60223019  77.33560728  97.19508706 116.55747061 135.36854537 154.42945842 173.31036694 193.60994393 212.62391616 232.53091842 251.18669058],31
20190305,531901801,1012,1551810973.14073,117.926338148326,60.2499754898548,793.837934895523,[ 20.09483725  38.93857092  58.10164745  77.50448068  96.88637242 115.9472157  136.14013531 155.71844165 174.65191266 194.17017411 213.98159768 232.97565832 253.07219792],21
20190305,531901801,1013,1551810956.27071,116.631867018725,59.4557723059966,973.580435938049,[ 19.6459191   58.27599123  77.88121924  96.9441626  116.36881759 136.63761661 155.39855549 174.70615146 195.63686217 215.42108567 234.38577462 255.29932362],21
20190305,531901801,1014,1551810939.03921,115.651983667509,58.4013624971608,1195.04481152018,[ 39.13690794  58.80903998 116.61542515 136.41269909 156.52980795 176.5875382  193.29299359 216.09633807 237.04204054 254.71687184],21
20190305,531901801,1015,1551810923.04291,113.853337262647,60.3278696581735,1723.16793255761,[ 59.09643213 117.23835275 137.04314203 156.80084689 176.5099527 196.69057036 216.31843396 233.28113983 253.19322911],21
20190305,531901801,1016,1551810904.3737,113.903718201894,60.3623085547854,1875.93436487622,[117.37015699 155.47568973 175.41979852 214.12831937 234.93452047 137.87832139],21
20190305,531901801,1017,1551810888.43498,112.231832209757,59.7956518326452,2035.14421014904,[ 39.01227326  59.20011722  77.79435161  98.41541779 117.14728372 136.82970778 156.75445914 175.80518434 216.46792662 235.70639991],31
20190305,531901801,1023,1551807792.3232,114.802754256825,60.3451523341338,912.506430383565,[ 20.18963121  39.55337502  59.41964443  79.69262146  99.03596543 117.83158037 138.19753366 157.5584383  177.37755689 198.09641094 216.82999389 237.07845778 257.04149612],21
20190305,531901801,1024,1551807800.3788,114.68489879692,60.8147360543789,783.252737169312,[ 19.49098111  39.31733134  58.72573496  78.57837887  97.97894813 117.69244994 137.23053095 156.89182235 176.26999279 196.39802976 217.28335938 236.69639077 256.74954946],31
20190305,531901801,1025,1551807809.56134,112.50429725493,62.9593270552409,1772.61845625624,[ 39.27939827  58.49649833  78.61525171  98.20748594 117.28252515 137.5468717  156.77187841 176.48193641 196.2795735  217.02483341 236.49625491 256.34387506],31
20190305,531901801,1026,1551807823.75255,111.316583388566,64.3374977714038,2632.22606120323,[ 39.28970267  57.87315062  78.26920891  97.6456749  116.89788588 136.58624768 156.27778929 175.58746478 195.13710156 214.34949777 234.47564021 254.63219855],21
20190305,531774192,1019,1551745413.50437,115.737340963295,62.7267908202852,2510.20047521727,[ 38.51120804  58.64556512  77.84351781  97.63674202 116.99696204 135.83941297 154.8191821  175.13927664 194.58436677 213.29573527 232.07993214 253.3090976 ],21
20190305,531774192,1020,1551745431.22282,115.269040010406,61.0381310534371,1850.18425168434,[ 39.40294913  58.44320891  79.07035962  97.4452114  116.59205436 135.86874195 156.00400554 174.94413639 194.80015229 214.70576358 232.19415175],21
20190305,531774192,1021,1551745448.02638,114.341522132952,61.513475663519,1462.11298004221,[ 19.43919311  38.60509829  57.92074301  77.3311383   97.1644356 114.98642496 135.0888932  154.15600203 173.65966665 193.11780466 213.44388792 234.61658275 254.46201744],21
20190305,531774192,1022,1551745460.40545,115.201335032877,62.6694259855497,1141.29103919449,[ 39.03918353  58.05650064  78.29137352  97.35107687 116.8917606 135.9422454  155.21207993 175.43198258 194.67876489 213.31898991 232.93851263 251.85297741],31
20190305,531774192,1023,1551745468.19414,114.565601226518,62.4595495787307,1258.76305318393,[ 39.31623909  58.55962245  78.10157821  97.17599814 117.11498615 136.52320098 156.13554153 175.42705877 194.69912593 213.78354004 232.80909154 252.0372828 ],21
20190305,531774192,1024,1551745474.21941,112.18336870832,63.4745312104914,2133.71721019371,[ 39.21613835  58.16007078  77.68461369  98.85636287 116.80785507 136.68267054 155.48244608 174.70278964 195.0377882  213.8333936 233.09267564 253.38298103],21
20190305,531774192,1040,1551747860.99702,113.447831711637,68.8176070357912,2725.05145829706,[ 37.4540653   56.85177006  74.5710994  111.43279499 150.58215489 169.18148954 226.29357753 247.13885376 205.87103335],21
20190305,531774192,1041,1551747850.59696,113.758053587942,65.3240879926104,1491.92102122517,[ 56.60046627 112.51162628 150.39779473 169.47189193 187.40051468 207.31652962 225.64752659 130.74313616],21
20190305,531774192,1042,1551747836.87324,116.088271594887,66.1209036036652,1116.54616102291,[ 37.76208565  55.61671479  93.77036255 112.13163862  74.55997045 131.32479257 149.10684294 168.29105697 186.72486294 203.79053312 223.16408314 242.04130864],21
20190305,531774192,1043,1551747822.40993,117.249033996053,68.3111682130834,1062.52835137847,[ 37.33760482  55.50210339  73.87906145  91.85013669 111.9293841 129.35016105 149.58379269 167.44547183 186.5812627  204.25186921 223.42656771 242.08500357],21
20190305,531774192,1044,1551747808.26278,117.608705692233,68.9913484648684,1054.19533871665,[ 56.50964353  93.13346883 111.15983942 130.60632706 149.2104217 167.39293879 186.29382755 205.20395812 222.81299466 242.78118881],21
20190305,531774192,1045,1551747799.86999,116.208163778218,68.9464583583274,1201.05659723694,[ 56.11552975  74.88607722 113.02094997 130.9886439  148.76606524 167.94801419 186.06735355 205.11218723 224.99806413],21
20190305,531774192,1046,1551747793.55853,112.903738444334,68.3191544055401,1818.76546595867,[113.28217238 150.61353448 169.77661343 189.15599796 208.2791898 227.14980302 244.857449  ],21
20190308,532501367,1305,1552077850.99298,114.64659262639,59.0858480061418,2190.09560382319,[116.96099896 155.92658895 175.1952873  194.92695846 213.51457357 234.74504068],31
20190308,532501367,1306,1552077854.18801,115.590804732698,57.925741349302,1287.53141082275,[ 58.76615778  96.99932705 116.75402365 137.98589553 156.76812897 177.2801173  196.06542847 214.22352492 234.10270983 254.56808729],21
20190314,533421550,1002,1552529076.63232,124.274408449202,37.7969399269715,513.610276820161,[105.53672331 211.34254758],11
20190314,533421550,1003,1552529068.31624,117.278001429413,60.398047802679,520.756726045119,[ 55.45612721  92.95590111 109.98905912 149.60086063 165.92946525 222.64622463 240.0134672 ],21
20190314,533421550,1004,1552529056.97796,117.310225220136,61.6849726363966,293.325150841815,[ 37.25709169  54.15382355  73.31954954  92.57987732 110.37328645 127.71405149 147.85292839 166.16684434 186.14026381 204.80763462 223.04051092],21
20190314,533421550,1005,1552529047.25125,117.015180844745,60.6216266592871,918.086759151707,[111.65236447 222.99991292],21
20190314,533421550,1006,1552529039.64482,117.671665496616,148.083960562429,2972.68149672166,[111.69200556],1
20190315,533770152,1005,1552685679,118.799916082013,76.4868526983574,2078.07242123287,[109.98021409 164.08083643 217.41046125],11
20190315,533770152,1006,1552685667.27378,114.933908833264,74.3531910717412,1991.23469737356,[111.97480459 167.46370752 224.39386293],11
20190315,533770152,1007,1552685650.87141,112.211286300602,79.99412091151,2381.94558068636,[114.80759461 152.66903397 172.3887251  229.29577735],21
20190315,533770152,1008,1552685636.87251,111.854444073188,85.562252630787,2484.19962720613,[112.75921066 169.08644404 150.73046546 227.42416873 206.28468194],21
20190315,533770152,1009,1552685624.09593,114.638969013008,74.8088294712314,1126.90176762305,[115.62225103 229.92693759],21
20190315,533770152,1010,1552685609.91616,117.285403439149,73.486687823175,600.677907108205,[ 38.46033352  57.45852965  76.70648022  95.07713609 114.90730451 134.40263378 153.8900032  172.96041827 193.3069308  211.18106935 230.60369498 249.67666137],31
20190315,533770152,1011,1552685597.36951,117.526956252019,72.428573369653,366.297966895743,[ 57.12697378  76.43532163  94.23694349 116.90643541 136.41276806 154.173355   173.33308573 191.24326881 231.18000071 249.63873224],21
20190315,533770152,1013,1552685569.83749,118.321477456074,75.6757171430069,386.311353255314,[ 76.78366012 113.77097956 132.11256407 153.21214526 170.48057091 188.8161813  208.11849409 226.49531483],21
20190315,533770152,1014,1552685557.32695,118.231289325548,76.760531614948,474.07549682795,[ 56.32626811  74.97532191  92.58124822 112.22499881 130.86539906 149.47467572 169.00884272 188.50541133 225.94446213],21
20190315,533770152,1015,1552685542.58335,118.376712039503,74.736700874262,493.679903291979,[ 56.32504236  74.91318468  94.64946456 113.7440483  149.99769721 172.0528173  189.5767103  208.75330142 226.22938344 246.09739297 266.36643278],21
20190315,533770152,1016,1552685529.78334,118.210463246051,75.6283946476923,538.057367640547,[ 38.20004979  56.55038708  74.54274109  92.32923902 111.86322161 132.79074542 150.27799867 169.21831945 189.74732838 207.46215799 227.5365173  246.31003033 265.59339678],21
20190315,533770152,1017,1552685516.19845,118.335887451944,72.623496994264,523.138536402157,[ 38.17880689  56.21871496  76.03301109  93.32053757 112.43314972 132.13225437 151.0204272  168.1656978  188.38071513 205.95153989 227.58408206 246.36725383 264.92807471],21
20190315,533770152,1018,1552685504.00836,117.096787572699,71.2104744492772,486.464478646097,[ 56.58438514  74.82155599  93.21552881 110.48355621 130.79556588 148.41420682 166.11517711 187.37410012 204.48188405 226.09402261 246.23431958],21
20190315,533770152,1019,1552682518.59523,116.163989834415,58.4285996211907,1104.56661909282,[ 57.39720421  76.24912556  96.04423034 114.52716147 133.6753029 153.37773066 171.97158576 190.75067901 210.2497861  229.68911182 249.48613605],21
20190315,533770152,1020,1552682535.67105,115.400196658503,57.8326946185581,1147.29332858863,[ 38.68054395  19.64272262  57.73457551  76.10369684  95.46654636 114.76147449 134.02034584 152.99769308 173.07556988 190.97967929 209.72056482 231.08302123 249.8031372 ],21
20190315,533770152,1021,1552685462.57031,117.609007409207,68.7345454428435,833.547265810316,[ 56.79628681  75.3077408   93.52632485 112.4895274  131.53256784 149.70663152 168.49034813 186.6536192  207.5486166  223.83197101 242.85127253 264.55810253],21
20190315,533770152,1022,1552685448.10674,118.696475028087,67.8057969897738,753.171751560933,[ 56.32256983  74.51329176  93.66187055 111.73762493 129.61013884 148.94918675 167.75668554 186.48741841 205.52309982 226.38815832 244.5346909  263.52229104],21
20190315,533770152,1023,1552685435.11002,116.764339982617,69.3619009578424,796.500114454763,[ 56.82535296  75.33514366  94.52937863 112.77732182 132.10684487 150.46392219 169.31373093 187.57717317 206.92059256 225.62856609 243.47687688],21
20190315,533770152,1024,1552685420.97474,116.233908669458,69.0539843060096,849.745308588165,[ 57.52999063  75.78252115  95.19913891 113.50009417 133.78892198 150.6095435  169.58596646 189.23557629 207.85938642 226.69435142 246.69374158 265.07445712],31
20190315,533770152,1025,1552685407.16065,113.171580413069,72.3019246846626,1280.54467364667,[114.78906021 152.49833384 172.2045837  190.11335714 210.46414742 227.93484372],21
20190315,533770152,1026,1552685388.37998,115.826586438257,69.9249847496136,1031.69506709088,[114.35414581 133.68919057 152.59124766 171.59355645 190.34739868 209.9768876  229.85055171],21
20190315,533770152,1027,1552685375.20154,115.519000507674,69.4561721135147,764.91675902681,[113.94848382 135.41857155 152.38057286 173.84367058 192.40274254 230.32685258],21
20190315,533770152,1028,1552685361.01082,116.331407689831,69.5588267355428,592.100470839881,[114.6785269  153.98368536 172.09978037 228.1667325  193.56284371],21
20190315,533770152,1029,1552685350.35949,114.453062454217,65.9773840640059,522.056157894984,[114.25363201 155.67527545 174.38266892 196.23527015 214.57097473 227.73042775],21
20190315,533770152,1030,1552685338.13241,115.996618843962,63.0593818931392,-452.774754624368,[116.16259937 137.20685852 155.13977777 174.75525884 193.09242377 214.19509572 225.51611858 243.28153945],21
20190315,533770152,1031,1552685323.47539,117.932298602672,66.8212531936986,671.483796149298,[113.25798625 151.55294305 169.77911858 225.51599982],21
20190315,533770152,1032,1552685312.7185,114.246023366206,113.515145227447,3022.66824386563,[107.89098164 212.87049758],21
20190315,533770152,1033,1552685294.90189,78.050180995968,176.965038183044,9115.17956085163,[129.02709791 257.65599388],11
20190315,533770152,1034,1552685279.92834,112.837703797978,80.8705912821871,2279.03561862988,[113.84347554 228.252286   171.42319653],21
20190315,533770152,1035,1552685268.37204,114.872081531085,72.3593227544788,1136.28680855745,[ 96.95776855 114.34945438 130.61656625 151.39818386 172.74421495 229.76106111 246.95975388 207.85147419],21
20190315,533770152,1036,1552685253.09686,117.939461605078,93.003118265485,1994.75458185282,[107.77868033 216.11855685 162.72476714],21
20190315,533770152,1037,1552685240.82378,120.913097413287,182.59458046183,8567.18886405953,[ 79.56632158 111.97499951 160.16198289  45.11125922],11
20190315,533770152,1038,1552685229.16599,113.563771220451,73.0188459884792,1263.22285407901,[115.63020617 134.69996538 154.42846046 173.88268251 232.36631296 194.03456914],21
20190315,533770152,1039,1552685217.16123,114.350353222281,74.7882245972843,1308.66533884392,[114.51434639 230.6687517 ],21
20190315,533770152,1040,1552685206.89674,115.878342778045,71.7577259921434,1488.56905610728,[112.82994203 169.21335516 150.87791965 226.33902721],21
20190315,533770152,1051,1552685076.8392,114.163949168701,84.4716215043838,2136.28176252428,[111.85061914 149.53967548 167.59318285 201.55970723 222.77912897 240.69125332],21
20190315,533770152,1052,1552685066.37898,114.515156655907,81.0691982753893,1598.75138163006,[112.43283094 151.31683272 170.43141271 186.8465713  205.23945566 225.18745042 245.20991453  93.51244834  74.55959428],21
20190315,533770152,1053,1552685053.53658,114.293873620456,80.5024637871553,1378.63383819038,[ 75.57017806  95.1545952  112.64033948 133.11874033 151.79331345 170.9155712  189.20642645 208.50979891 227.55882039 244.85774757],31
20190315,533770152,1054,1552685041.06133,115.381861375833,79.257574401119,1023.67466472946,[ 57.21891438  75.97594445  95.04783381 113.18687864 132.18542544 151.17325502 171.37146884 189.66661534 211.13160131 229.05379383 247.62364977],21
20190315,533770152,1055,1552685029.00057,116.616677083503,77.6409554588336,834.274859830366,[ 76.7504718  113.42731958 153.31075534 170.99073812 230.27828496],21
20190315,533770152,1057,1552685008.25167,114.993121677471,77.3035358522249,1662.30767838776,[113.11156699 150.86618887 170.05464717 207.87825112 186.94263207 224.99403535],21
20190315,533770152,1058,1552684996.59686,114.715499613635,73.7407704534536,1641.08555637245,[ 74.54223311  94.7987375  112.0038572  132.96458244 150.77915893 168.31404658 190.29796778 230.04997211],21
20190316,533950817,1021,1552768410.99493,113.131202054172,61.7685770824847,2080.10439497555,[ 56.94438386  78.23262675  95.69223135 114.67406112 134.69852923 153.47914429 172.40373838 191.26878818 210.80166597 229.29865332],21
20190318,534319912,1127,1552941665.10311,95.0146747257521,63.453914253804,1235.03465446952,[ 19.89566064  40.23205309  60.95060908  80.82350971 102.1144235 121.41496633 142.2655776  162.00642294 182.25242979 202.58979264 227.2265853  243.76414264 263.82033228],21
20190318,534319912,1128,1552941674.93243,100.002360135784,63.7414651452886,-1233.38406499508,[ 41.12102747  60.59161175  80.31914785 102.09333899 121.54300604 140.85402507 162.1772689  182.53967784 202.67579063 223.78744177 244.36909318],21
20190318,534319912,1154,1552942103.41653,73.497949329346,63.2048831011898,2553.00242065407,[ 62.26356977  79.86159065 101.08903632 122.85825476 145.40509141 163.50754809 183.65160904 201.08538944 220.15203094 244.78520498],21
20190321,534899218,1029,1553197237.69813,116.308610528316,72.11585535879,1502.20331459895,[ 38.67032445  57.42838836  76.94034735  95.11380544 114.54355811 132.63847044 152.98239577 172.2018146  191.00225557 209.44058204 228.41052117],21
