20190301,,,143.3203645421028,59.797094664471196,2444.162317192875,[62.07,82.68,102.17,124.34,144.55,165.7,186.52,207.24,248.55],[0.26439063,33.33282628,0.16529225,0.10661956,0.12779165,0.14843747,0.09229555,0.16828927,0.1180961,0.1164237,0.18229043,0.17716485]
20190301,,,138.10457687998738,59.63468145106194,2418.29959946086,[62.21,82.97,103.59,124.4,144.46,165.78,186.6,207.04,248.65],[0.24906221,32.41725019,0.16374941,0.10334546,0.12028727,0.14422798,0.08756795,0.16640531,0.11250379,0.11077857,0.17805291,0.16740167]
20190301,,,131.90624195092005,59.56442727487496,2407.217717059589,[62.27,82.87,104.43,124.47,144.4,165.89,186.67,207.69,248.81],[0.26383446,32.86205996,0.165462,,0.10395868,0.12450845,0.14083162,0.09231676,0.17146271,0.11837739,0.11637692,0.18540459,0.17377289]
20190301,,,143.27593026937657,59.7215233862449,2436.6143592233475,[62.09,82.7,102.22,124.37,144.58,165.74,186.55,207.28,248.57],[0.26555172,33.19384976,0.16518318,0.10674759,0.12754416,0.14949792,0.09292635,0.16856079,0.11879543,0.1172294,0.18270272,0.17880629]
20190301,,,138.07559750685786,59.60342711324442,2414.1571896107553,[62.22,82.98,103.58,124.42,144.46,165.8,186.63,207.07,248.67],[0.26145675,33.02355863,0.16524745,0.10404581,0.12127425,0.14862695,0.09161499,0.16869426,0.11755927,0.11598223,0.18151549,0.17636252]
20190301,,,131.9947621796352,59.679162101817894,2419.4972560158503,[62.24,82.84,104.43,124.41,144.36,165.81,186.61,207.61,248.77],[0.24747402,32.27991324,0.16406124,0.10280214,0.12303057,0.13441822,0.08678275,0.16856428,0.11192056,0.10983161,0.18094912,0.16185497]
20190301,,,143.31911674863298,59.81478312174418,2446.249844353697,[62.07,82.68,102.18,124.34,144.55,165.7,186.51,207.23,248.54],[0.26386195,33.33060508,0.16527653,0.10659677,0.12738289,0.14750077,0.09212045,0.16823272,0.1180025,0.11623745,0.18221075,0.17667487]
20190301,,,138.1098962061074,59.62338335863388,2416.8573271354117,[62.21,82.97,103.6,124.4,144.44,165.78,186.6,207.04,248.65],[0.24802356,32.30715616,0.1634908,0.10332455,0.11993561,0.14365336,0.08733455,0.16563335,0.11233758,0.11058921,0.17794584,0.16721368]
20190301,,,143.36931917712943,59.87007011047156,2452.2764263645854,[62.06,82.66,102.18,124.31,144.52,165.66,186.48,207.19,248.52],[0.25126479,32.83867326,0.16402241,0.10588436,0.12666009,0.14426384,0.08769027,0.16605605,0.11255096,0.11075951,0.17897324,0.16667546]
20190301,,,155.43430572491997,56.91709923572561,1690.8305907821893,[61.93,82.43,102.5,124.02,144.11,165.25,186.06,207.83,248.31],[0.25406614,24.56559325,0.14319341,0.11361789,0.13804523,0.18233943,0.09226495,0.1606527,0.11839401,0.12284135,0.19762666,0.20747393]
20190301,,,109.24776023429294,61.123299585625624,2587.4820232639054,[62.33,83.57,103.71,124.56,166.05,186.85,207.83,248.92],[0.39066954,45.91008818,0.21107464,0.11055701,0.12439223,0.16737384,0.10031236,0.12965997,0.12575316,0.19558119,0.1738963]
20190301,,,140.28493927728698,56.886098342285564,1712.649964742296,[61.96,82.67,103.53,124.11,145.08,165.35,186.18,208.81,248.2],[0.24139485,24.37918682,0.14041926,0.11510048,0.13266899,0.1957767,0.08853569,0.13937093,0.11411298,0.11690983,0.18547751,0.20698603]
20190301,,,155.56980946444574,56.07040008988251,1104.708194350613,[62.16,82.89,103.31,124.3,145.21,165.69,186.42,207.27,228.64,248.98],[0.19646275,14.23969424,0.09970367,0.11022257,0.12344749,0.15850235,0.08844014,0.17329968,0.13098094,0.10282114,0.16783903,0.2708578,0.16653895]
20190301,,,143.3712911786326,59.89867820189352,2455.5749745715684,[62.06,82.66,102.19,124.3,144.52,165.65,186.47,207.18,248.51],[0.25439929,33.07718562,0.16433637,0.10603142,0.1267167,0.14410792,0.0888857,0.166495,,0.11331638,0.11195879,0.17973656,0.17012453]
20190301,,,155.46751426118126,56.98875405900938,1695.985049791994,[61.91,82.47,102.5,124.0,144.06,165.23,186.02,207.71,248.28],[0.26531182,25.24492115,0.14450442,0.11395855,0.14072973,0.18342186,0.09515864,0.16260721,0.12180549,0.12684498,0.20272832,0.21388215]
20190301,,,109.93242703834221,60.04270617539176,2465.8897348305386,[62.17,83.72,103.82,124.39,165.85,186.64,207.62,248.76],[0.26367382,33.89517205,0.17026968,0.10461302,0.11474719,0.13635279,0.0884834,0.11557177,0.11310461,0.18582421,0.16094806]
20190301,,,140.29378274581583,56.92611879090411,1716.3043433228947,[61.96,82.67,103.52,124.09,145.07,165.33,186.17,208.8,248.16],[0.24470691,24.65118781,0.14071222,0.1151719,0.13298924,0.19586719,0.0894729,0.13944765,0.11475053,0.11798826,0.18568834,0.20995833]
20190301,,,155.567353112434,56.081116904216515,1105.38890160085,[62.16,82.9,103.31,124.3,145.21,165.69,186.41,207.26,228.64,248.99],[0.19635952,14.24098142,0.09965687,0.11022605,0.12320091,0.15904241,0.08835078,0.17331718,0.13101444,0.10285782,0.16756463,0.27088291,0.16684915]
20190301,,,143.33404821013897,59.84811330658041,2449.622176823197,[62.07,82.68,102.19,124.33,144.53,165.68,186.5,207.22,248.54],[0.26247501,33.31006726,0.16512528,0.10652203,0.12717205,0.14632177,0.09178285,0.16782051,0.11739534,0.11567203,0.18193019,0.17592838]
20190301,,,155.13032952423586,55.66564144632336,-1598.557898225296,[62.09,82.87,102.92,124.41,144.19,165.9,186.62,208.13,248.97],[0.3492904,,27.57342122,0.17234155,0.12167278,0.15128963,0.19242394,0.12633536,0.19991184,0.15752474,0.1658313,0.24978818,0.24761195]
20190301,,,109.25281041969964,61.136195636711335,2589.298299585539,[62.33,83.57,103.7,124.56,166.05,186.85,207.83,248.92],[0.39059525,46.05448263,0.21131667,0.11028772,0.12428196,0.16686391,0.10021028,0.12966182,0.12568086,0.19562742,0.17376081]
20190301,,,140.28948863321864,56.910955153557815,1714.73381615142,[61.96,82.59,103.52,124.11,145.07,165.34,186.17,208.8,248.2],[0.23662336,24.03871219,0.14004298,0.11499743,0.12920175,0.19564311,0.08686101,0.13927398,0.11322384,0.11589331,0.18492864,0.2034263]
20190301,,,155.49904229143547,56.09485843181289,1108.2695272371645,[61.89,83.26,103.37,124.35,145.28,165.72,186.43,207.42,228.66,249.0],[0.15855002,12.15312849,0.09248563,0.10222691,0.10584134,0.14014386,0.07932839,0.1519923,0.12227643,0.09515078,0.14611421,0.26583053,0.15111941]
20190301,,,99.03584572593002,60.11060428856349,2475.467930358888,[62.29,83.39,103.92,124.37,144.9,165.71,186.57,207.25,248.66],[0.30110067,37.26215652,0.17492067,0.10553149,0.12003636,0.14759708,0.09488847,0.18076052,0.11962835,0.12005712,0.19057553,0.17524812]
20190301,,,133.1767667420089,56.343209195824244,1659.8849018900617,[62.02,82.74,102.63,124.22,145.15,165.63,186.37,208.66,248.47],[0.23158341,22.89468819,0.13856464,0.11621801,0.13061338,0.18393325,0.08664286,0.13862881,0.11465461,0.11608833,0.18287701,0.19008437]
20190301,,,148.52316103244684,56.2137227069883,1116.7284828827007,[62.19,82.91,103.3,124.29,145.31,165.81,186.44,207.44,228.51,248.99],[0.18733756,13.70817758,0.09870445,0.1109066,0.12147234,0.15950234,0.08685262,0.16636066,0.12699766,0.09944317,0.15604965,0.26116532,0.14927419]
20190301,,,91.63297000981979,60.73272073652016,2549.338307837131,[62.27,83.11,103.05,124.49,145.31,165.84,186.74,207.48,248.76],[0.38678659,48.14134202,0.22025689,0.110123,,0.12182306,0.17194133,0.09808718,0.18428564,0.12219392,0.12076266,0.19561673,0.16889669]
20190301,,,122.0573920966119,56.5859751562907,1714.6550558748802,[62.04,82.63,103.57,124.22,145.32,165.73,186.39,208.95,248.11],[0.24013994,24.56453394,0.14169859,0.11261966,0.12509481,0.18747719,0.0869392,0.1383121,0.11517049,0.11639975,0.18804017,0.20736394]
20190301,531236830,1022,1551469448.0,139.52162498715123,57.40253632781113,-949.4897667895057,[62.73,83.69,104.32,125.07,166.72,187.78,209.7,250.1],[0.22946139,14.24251852,0.0921305,0.14983827,0.14199804,0.19129647,0.09902953,0.13470358,0.1174187,0.20994446,0.18164418]
