F7TV,38,11.659683062737681
F4TN,25,11.73949502349165
F7TV,18,12.326723306903414
F7TV,18,12.552170589450144
F3TN,30,10.192964614366337
F3TN,67,9.11402562773494
F3TN,28,10.849131500411868
F3TN,89,7.85331480740907
CCB,22,10.625214218327713
1107,1,1.8197754618195554
1107,33,7.987372751426063
1107,73,0.33741867501567074
1107,118,14.805618185310696
1107,150,nan
1107,188,6.745999107469698
1107,214,2.658641024810493
1107,61,9.518526436795387
1107,65,8.888942728174461
1107,99,15.759527716222914
1107,132,7.5903565790665475
1107,137,8.683349218425908
1107,168,8.43618851235233
1107,199,11.558303846668348
1108,13,12.993094185138585
1108,113,14.66279109992351
1108,131,10.11165897950436
1108,155,9.431826191440331
1108,179,10.571703721114078
1108,208,10.410785681064016
1108,225,11.733244187701528
1109,26,8.363204640927362
1109,29,9.335418045348987
1109,71,9.859485221739536
1109,87,10.365830385866179
1109,127,13.600989052706447
1109,212,11.161901710433826
1109,35,nan
1109,67,-1.3199062325656021
1109,108,15.464560806384686
1109,173,9.570904719647492
1109,216,14.117240956217579
1109,249,10.020682944228117
1110,33,9.475960682321157
1110,68,11.960132169834681
1110,123,14.12677567926211
1110,153,11.30883785617688
1110,196,11.084163965101496
1111,56,-2.7145768547800664
1111,101,0.18603058924945792
1111,134,11.47675402424909
1111,198,0.7639668575601198
1110,12,12.520492687299177
1110,37,10.066561264784248
1110,98,14.657785718601442
1110,123,10.458212241797508
1110,136,11.010780602600772
1110,169,9.40233612297465
1110,200,13.492884408048118
1110,233,10.356335799288082
1111,9,7.342382607351233
1111,18,8.653569496501172
1111,48,6.870824956423938
1111,112,14.583735467764615
1111,138,10.151040751755083
1111,225,15.561518267517854
1112,27,9.45089575503578
1112,68,9.365469020706769
1112,79,8.711026386665239
1112,96,8.913846737548287
1112,129,16.130465171360335
1112,157,10.068835540591266
1112,178,10.015543083998937
1111,2,6.833898147819635
1111,66,7.885811697628638
1111,91,14.795533093126581
1111,111,8.8033887341746
1111,120,8.351198166981357
1111,128,5.928124031572937
1111,135,8.141402978085862
1111,182,12.537828263564492
1111,223,10.408173436782228
1112,26,9.556851907780375
1112,36,8.831968391160864
1112,105,15.490374072703776
1112,173,11.960062185418671
1112,211,15.363440002489991
1113,24,5.657087006574421
1113,39,6.524662868224471
1113,61,8.241128277308198
1113,81,11.071524006965463
1113,121,16.446093171558868
1113,148,13.30283854742734
1113,195,13.463337464142903
1114,29,10.241362534108092
1114,44,10.703259378006845
1114,67,11.954118405051428
1114,97,12.728977449577194
1114,133,14.863067503037284
1114,224,14.367140017592842
1113,47,11.270046843279289
1113,95,16.574046756428764
1113,139,13.074373404454347
1113,160,12.298807515130864
1113,190,16.165496200924373
1114,36,10.32055704617704
1114,53,11.659229422578882
1114,107,16.207853560887763
1114,166,14.149828237172581
1114,215,16.197984812982707
1115,31,11.825776155765698
1115,75,10.801196553250428
1115,125,16.411510521849134
1115,168,12.34860739480589
1115,202,13.0966559148184
1115,230,9.752430306021896
1116,14,2.564259671331743
1116,43,nan
1116,80,5.95060795498096
1116,103,5.557614214871563
1116,117,9.194500441938194
1116,136,15.980335503018456
1116,142,11.492684247944087
1116,170,9.38702582218647
1115,44,6.334224679891795
1115,52,5.126556394014128
1115,68,10.398836759042593
1115,84,16.21653783194497
1115,109,10.284379088827114
1115,135,9.90932243707827
1115,150,10.150341830871197
1115,169,12.538062027797768
1115,201,12.707007355924045
1115,222,12.26405241053292
1116,93,15.913704235892379
1116,112,12.907683308100726
1116,122,13.22360311354742
1116,129,14.174442458330025
1116,156,11.215048719684773
1116,185,15.88755445284069
1116,210,14.01216704173918
1116,218,13.207204554120695
1116,244,8.155598204036458
1117,10,11.758284766372205
1117,39,11.74359466825506
1117,105,16.905918381758266
1117,147,14.759640087790709
1117,211,15.696917243660584
1118,63,6.688647770652871
1118,89,5.962550263190164
1118,109,8.113702933217667
1118,125,12.953786971156267
1119,13,7.821493999666542
1119,15,2.490088506276803
1119,21,-0.05906581277861308
1119,48,6.440922792206529
1119,64,6.936178073651132
1119,82,7.631136238824119
1119,114,8.956137316929308
1119,138,13.356787939553294
1119,206,7.667191466896638
1117,86,15.62308060241759
1117,127,14.297460318555004
1117,173,15.40653386482581
1117,209,12.52697305924957
1117,222,13.493369839913845
1118,99,14.885982432777784
1118,163,7.72550885162207
1118,193,9.988224480330652
1118,199,14.141425404991015
1119,43,9.842754599616573
1119,60,9.930498569601676
1119,112,11.228371056902887
1119,119,15.196701500076875
1119,154,13.046193249920385
1119,182,12.07622618941214
1119,220,11.836402654521896
1119,236,14.835345607765234
1120,25,7.713849320246238
1120,60,9.118935512612534
1120,63,7.193298637075962
1120,105,10.126111024074419
1120,134,14.909266324671599
1120,188,10.500571460574582
1120,205,8.806319800800788
1120,221,11.754818819055082
1245,31,15.103241408369861
1245,77,13.909878194240237
1245,89,12.551198755774944
1245,140,15.778655314932696
1245,155,14.50644773645571
1245,176,12.392132679708098
1245,198,13.892940686465717
1245,212,13.891159159471652
1245,219,14.722837839815806
1246,37,12.673405872405795
1246,53,13.146822085500618
1246,96,13.483203616642474
1246,110,14.085082419257308
1246,122,13.868351962785175
1246,147,16.316504383434445
1246,190,14.920129568588239
1246,214,14.32316020964246
1246,221,13.142711441694635
1246,244,8.593913130525088
1246,247,9.022503689163985
1245,7,14.088561560169124
1245,19,14.105244573622064
1245,39,11.793494077784164
1245,55,14.23614741471644
1245,109,17.26239927943024
1245,162,14.59520583806377
1245,209,14.779045284083177
1245,218,16.961963035647372
1246,44,13.927187481910497
1246,51,14.512972375271143
1246,78,14.461278437083784
1246,91,14.70367760526086
1246,118,18.084952034119627
1246,139,15.034406287913189
1246,170,15.923483488821638
1246,234,14.575214129804143
1247,33,10.063817860770914
1247,93,14.539968486671109
1247,131,16.89310703280688
1247,171,14.775795532479012
1247,201,15.65275525386278
1248,71,11.595819979841732
1248,96,12.315580476119674
1248,141,16.44960467649261
1248,175,14.034203432041672
1248,191,14.812393577826587
1248,204,14.378918512787994
1246,43,14.305202426019981
1246,86,17.25126311905861
1246,134,15.612652749353611
1246,172,16.362443370632832
1246,190,15.09324888717404
1246,211,15.192874410435987
1246,218,15.645583501072862
1247,35,11.051964408199844
1247,47,13.77314632004477
1247,94,17.535455584314686
1247,145,16.630719929670807
1247,163,15.606046419376518
1247,189,17.043864325475212
1247,219,16.05342037778866
1248,18,7.9090166523623555
1248,88,13.19824489116376
1248,112,17.18558712611192
1248,170,15.643220602419458
1248,224,16.943670626315736
1248,32,9.576233442216497
1248,56,12.18743042174058
1248,65,13.426465925792929
1248,74,12.627810609500507
1248,87,17.215816343789946
1248,130,13.192333743642788
1248,149,13.865970676527166
1248,174,16.5795493713685
1248,184,14.908924482968766
1248,195,14.442361001404525
1248,229,14.245786778031304
F7TV,31,13.56863399977204
F4TN,25,11.140122907421821
F4TN,44,10.768281816305631
F4TN,23,12.31997556185312
1119,46,10.471171436142024
1119,99,9.552475086834056
1119,105,10.699269319471433
1119,129,15.960543189142165
1119,139,10.981349155257368
1119,196,10.845847538012656
1119,202,9.693032505825293
1119,207,11.410908185338355
1119,212,11.598491437933129
1119,218,8.98620542598543
1119,235,8.796857953638474
1120,18,nan
1120,24,0.9875174668370741
1120,83,nan
1120,90,5.062214176948453
1120,120,13.916760816913653
1120,170,11.398832589621097
1120,178,11.431899686580682
1120,183,11.233957325198292
1120,218,11.620760172235066
1120,240,13.171658397957932
1121,24,6.789468284116697
1121,41,7.990813016738397
1121,56,8.769041079008966
1121,66,7.486318436270992
1121,81,6.983642408877801
1121,84,9.884734445790597
1121,112,14.474816564444088
1121,131,8.957191687196243
1121,191,10.775773790178944
1121,199,11.512485308661692
1121,224,15.449244762323337
1111,17,11.462123856786093
1111,55,11.780786094728786
1111,122,12.398867586069981
1111,136,11.747167701128628
1111,187,12.756464137763784
1111,203,11.855755696887808
1112,3,8.160878261938429
1112,50,8.92134753917341
1112,113,12.712783211763949
1112,126,8.30188178303567
1112,146,8.598894089399561
1112,200,8.396103054312412
1112,226,13.583164267359475
1113,22,9.817603665655227
1113,79,9.882909163065285
1113,105,16.04324011488643
1113,165,11.657273754383672
1113,210,15.029985262220535
F5MN,29,9.859449652936787
F5MN,40,9.813668981677035
F6TP,19,11.570817412823157
F4TN,36,12.141221425659111
F7TV,13,15.462575570233588
F6TP,34,13.875674627826534
F4TN,28,8.084509400286159
F4TN,34,11.78027900974384
F4TN,3,8.11796098484788
F4TN,7,7.938403038103605
F4TN,26,9.883923733408926
1302,35,8.484754356355669
1302,106,11.05122972329443
1302,136,15.661393638134527
1302,164,13.077110349441831
1303,34,10.436902752739524
1303,69,10.44095145811128
1303,120,10.135367786015621
1303,157,11.333567424599615
1303,203,12.148234587538942
1304,44,11.534224758563305
1304,112,12.136976495373016
1304,126,16.4545972428084
1304,167,15.081915445938472
1304,209,14.434269414426916
1304,215,15.190161175514119
1301,8,13.140431509253636
1301,13,12.789958676785425
1301,124,15.661620039754325
1301,148,12.92990996058051
1301,165,13.044783405892401
1301,229,13.429724861349673
1302,31,10.33418137652917
1302,69,9.579337521340696
1302,77,12.892902382960447
1302,84,12.21801193381365
1302,125,15.902506949485236
1302,158,13.976505745879372
1302,208,14.447960729649312
1302,221,13.349921011106524
1303,32,13.338824082617997
1303,49,11.782801889680794
1303,64,12.053591161106176
1303,76,11.907335519442931
1303,84,11.621747907730505
1303,128,16.606363044081856
1303,150,13.270368060471338
1303,171,13.97806102376368
1303,214,14.836244151208078
1304,46,10.236360129164366
1304,71,11.253212810016592
1304,82,12.408345272352534
1304,109,15.195000177164232
1304,137,14.544209273087398
1304,163,14.764798422401526
1304,188,14.693177683202098
1304,218,16.897044653448084
1301,13,16.695663151334145
1301,17,14.59124521326057
1301,21,15.843872590110799
1301,33,16.90187049309276
1301,46,16.615955165085353
1301,50,16.715254896979467
1301,56,16.190165283684937
1301,71,16.593676309364636
1301,97,16.26572822254966
1301,137,16.182360348282984
1301,218,15.827397123892123
1302,7,nan
1302,27,11.358428760740733
1302,36,7.787228051207032
1302,60,10.246394183329347
1302,110,15.937472807763232
1302,187,15.055632625409515
1302,219,17.169865296858248
1303,27,13.658135206679454
1303,54,13.3342415735649
1303,71,12.888660558599664
1303,108,17.920960510879063
1303,135,14.054936398734231
1303,158,14.200026175568247
1303,199,15.22006172942782
1303,216,17.59927629575781
1304,26,5.4986586454520054
1304,39,9.479626349371284
1304,48,11.830260914675407
1304,69,12.035965451784737
1304,97,16.232068391590623
1304,112,13.519003839490091
1304,126,13.056182819656296
1304,194,15.694906184891336
1304,232,12.263692320429623
FAPT,23,8.779425667363158
1301,8,14.350616147919936
1301,43,10.52581527527968
1301,79,13.096630025735882
1301,94,11.810788949715963
1301,106,16.056368340647776
1301,154,13.744479423953477
1301,172,12.975117060591918
1301,212,16.533491754388525
1301,230,11.616421543264938
1302,33,9.506428991171452
1302,41,9.46040332364426
1302,45,8.27006111549164
1302,73,12.007172426036856
1302,97,16.424119947274846
1302,150,14.035441282795475
1302,195,15.92109169505469
1302,210,14.540940154327924
1303,24,13.42300392080708
1303,47,13.480181604287791
1303,64,13.751220027605504
1303,71,14.593363230254058
1303,94,17.72128360699371
1303,144,10.913084149482234
1303,151,13.39635567267603
1303,188,15.982105342161644
1304,45,12.478700670583159
1304,69,12.34967686818382
1304,91,12.830404289501757
1304,112,13.746144433989906
1304,131,13.329861220356928
1304,159,13.546890192200658
1304,172,13.718877521953715
1304,184,14.613788407706135
1304,219,14.987370419773242
1304,240,8.308658773282074
1301,32,11.799468007179719
1301,49,11.345031803232139
1301,73,12.625931729696356
1301,88,12.97483806918153
1301,98,16.378532158011623
1301,131,13.27004244973165
1301,168,12.904336687993482
1301,195,15.124088698568801
1302,13,11.719552508363664
1302,90,16.207825874773548
1302,104,13.078762871808767
1302,173,14.791905116408762
1302,206,12.68371890961287
1303,22,12.657268152574659
1303,52,12.217297317754028
1303,87,17.012566780176588
1303,115,15.484121592617104
1303,149,15.254480242208665
1303,159,15.620561967346816
1303,175,16.75171945756224
1303,198,14.160180942309228
1303,213,13.681777198641939
1301,22,7.311805284501163
1301,33,9.859896793189971
1301,111,7.535510666167116
1301,127,9.715393329381111
1301,161,9.109081032870275
1301,186,8.329499815272804
1302,69,8.807204459924094
1302,139,11.320584398866352
1302,147,7.728492233135235
1302,169,7.546032762125887
1302,183,7.607499432844284
1302,202,9.243571739585473
1303,10,10.117854782976467
1303,33,11.39142531550452
1303,52,11.955213241645392
1303,66,13.84996267368696
1303,103,11.395463528546081
1303,133,15.219402858534297
1303,207,12.105377567363632
1301,19,5.677792576020319
1301,33,7.435763554068862
1301,131,15.562310697686142
1301,169,12.416088455244314
1301,187,12.562254606542155
1302,94,12.701797884844408
1302,129,13.358836637152207
1302,137,14.77685917934714
1302,154,13.72830034400138
1302,188,14.319814819560886
1303,28,10.903221284148595
1303,59,13.591819653383432
1303,65,14.087706092213352
1303,105,14.051150607882485
1303,119,17.04931298846364
1303,154,14.118759716162373
1303,198,14.333199825828228
1304,46,9.501837531212495
1304,48,3.2943771206949117
1304,51,8.563325032356243
1304,117,12.13891555941763
1304,183,4.004826404567555
1304,232,12.101444258019596
1304,248,9.133368636158123
FAPT,9,9.088490594530207
FAPT,37,6.078291204135731
1301,1,6.84649119398895
1301,13,1.1759523608252702
1301,104,15.805037468246352
1301,143,10.712104471432388
1301,156,12.367104176236356
1301,201,11.479128267190289
1301,227,10.684432174132732
1302,30,7.49442523298198
1302,83,10.85647802475814
1302,98,13.546774302532043
1302,158,12.91797846251928
1302,196,13.369278491693589
1302,225,9.929227621310101
1303,20,16.94710750842251
1303,31,16.87325951870016
1303,49,15.84881289218564
1303,75,15.068656073488278
1303,86,14.932010009971673
1303,102,15.8145128641082
1303,151,15.712179597671799
1303,201,15.989637958139074
1303,217,15.66466282923247
1304,18,7.635573476736187
1304,23,9.277910580804159
1304,115,13.922631039772389
1304,177,11.099766566047807
1304,195,10.45879449973549
1304,200,7.689404493660456
1304,229,14.15979059272363
1304,248,9.690534953125695
FAPT,8,10.674601465564544
1301,102,15.75384420962973
1301,145,11.541560055652464
1301,203,12.2523646856184
1301,221,10.627252264298583
1301,224,9.446038817489137
1302,80,0.10440957955623781
1302,97,11.915319727177174
1302,142,10.970970120864372
1302,183,8.501419605837652
1302,200,9.087444723524829
1302,217,9.073711929845842
1302,223,9.318223285014245
1303,7,15.2699254999757
1303,20,14.534928144324653
1303,100,14.057912784134016
1303,129,11.030106002005615
1303,160,11.064111897951248
1303,183,10.877001436003479
1303,189,10.997060894448241
1303,216,10.128322631998653
1304,8,10.529135939460424
1304,68,10.884293309275444
1304,110,15.570600281425769
1304,151,-0.6010844318029066
1304,181,10.346642602109151
1304,196,9.027240977281625
1304,221,12.376162721516321
1302,4,12.308239280399631
1302,54,9.356610041900735
1302,88,10.306818206798635
1302,149,8.69765386232357
1302,197,4.4548493410654135
1302,218,3.7995855341577096
1303,20,13.575808682550221
1303,49,11.747184542424867
1303,75,14.997608637431695
1303,99,13.247442954892643
1303,134,12.141632568164777
1303,153,12.03293092566858
1303,199,10.065180315977136
1303,225,12.665696337219515
1302,17,13.129388041970202
1302,64,-0.9672890370882579
1302,97,11.257143266941103
1302,142,12.059547945643256
1302,210,11.318673874932339
1302,217,10.038872824176721
1302,228,10.741904219934433
FAPT,1,8.872869184532426
1304,61,8.79848574725296
1304,72,9.60165021381785
1304,101,9.974436424232426
1304,131,12.758248055254453
1304,142,11.89177902063204
1304,173,12.185028344220434
1304,214,11.973216585247375
1305,8,9.912794284918357
1305,76,8.950480582825687
1305,117,8.693124989161378
1305,121,7.969960596494559
1305,128,12.482539814411142
1305,138,7.5628216804206225
1305,149,9.34318840668882
1305,158,7.302652746267216
1305,198,9.443540442930342
1305,213,6.0043340832960945
1303,24,16.068150568799304
1303,54,14.3282641884326
1303,93,15.710324807152901
1303,108,15.92031324427114
1303,146,16.250276509147767
1303,155,16.320642972484364
1303,169,15.941958619587082
1303,226,16.34811533330684
1304,68,11.667999632940964
1304,91,11.384904689791849
1304,126,14.20832303099166
1304,142,11.981519139787405
1304,148,11.389390199558564
1304,204,13.443370088732438
1304,225,13.494175400948654
1305,8,13.38725166015847
1305,23,10.007127844476996
1305,122,11.039852508871908
1305,144,7.788354327212838
1305,189,8.79928941225857
FAPT,1,9.091794399938308
FAPT,9,9.08887167535384
1302,43,7.2520928509584115
1302,73,8.988713770944845
1302,101,8.590891134109107
1302,125,14.34158431601423
1302,162,6.184062639437103
1302,173,7.6666414473308375
1302,214,11.03612126608315
1302,236,7.787096285156458
1303,2,4.623629260425957
1303,44,4.890865797476343
1303,52,8.60400279146444
1303,65,10.488514458775526
1303,76,9.49196132932445
1303,131,14.21446324312448
1303,186,12.734001427176423
1303,221,12.148969448497958
1304,51,12.92676889404813
1304,81,14.312006576648027
1304,97,14.92934153326024
1304,116,17.475973163877125
1304,183,15.1539690385905
1304,199,15.173305673544856
1304,235,16.393323396134466
1305,7,11.12606114438732
1305,49,9.11606797078458
1305,107,9.149541993808052
1305,119,10.345921688104106
1305,155,9.09374699859645
1305,189,9.31750290117186
1305,231,7.824245030052359
FAPT,23,10.595951863509098
1302,32,6.202670442327155
1302,44,7.567615595394969
1302,68,5.685596599684914
1302,85,6.6192041348657735
1302,115,16.340367355438016
1302,230,15.55736941381678
1303,28,13.09289581025261
1303,56,14.798282312992386
1303,113,16.704639027176373
1303,165,9.919208484008672
1303,197,12.326522099533525
1303,211,10.369170636499959
1303,225,16.32596538653017
1304,23,8.197674739923071
1304,51,11.151610584021576
1304,93,13.503076228342803
1304,103,13.150676324419084
1304,185,13.97607928214661
1304,199,12.747613130355422
1304,228,12.657018956822707
1305,31,8.608933418762845
1305,67,8.695560355346618
1305,81,7.885542866061165
1305,106,15.753290714046662
1305,134,9.856228786184644
1305,138,10.269073009396351
1305,178,11.906428633148263
1305,212,15.531703458551252
1305,236,9.311676654330057
1302,68,7.57399578853911
1302,106,14.201932356732598
1302,211,15.815255689897993
1302,242,7.885040092487335
1303,25,13.689252510442424
1303,32,10.478558953296936
1303,49,13.044921939332843
1303,74,12.902211808089747
1303,99,16.300894357054677
1303,121,11.982901927325088
1303,138,12.426520290423877
1303,144,11.499857285641166
1303,196,15.20107026518293
1304,13,8.457483937386904
1304,95,9.734584821068085
1304,112,4.572324594242235
1304,117,9.243926897383048
1304,169,9.571799536471595
1304,223,9.968058681856972
1304,242,9.44300053147611
1305,57,7.71906258110917
1305,99,12.692238543454678
1305,151,12.44355958516728
1305,194,11.684069818286929
1305,197,13.013783606835913
1305,225,12.993715370824058
1303,23,10.661692430403901
1303,73,11.331211996207099
1303,92,14.258850718862766
1303,123,10.671486247145147
1303,164,10.127877437923225
1303,177,10.025243144458955
1303,210,11.057431334279265
1303,66,6.04965900641782
1303,94,8.104020887062001
1303,141,6.854877014476614
1303,152,7.803127999007645
1303,171,8.55434718467445
FAPT,9,9.260762892464873
FAPT,38,9.116633567336
1302,33,8.952611219594104
1302,104,12.159972283521718
1302,163,10.743242271458387
1302,195,8.83149189654923
1303,46,9.418069279387904
1303,49,6.884308964782134
1303,86,11.756101365825275
1303,104,10.997620095303413
1303,132,12.095645488864976
1303,221,7.351475297837075
1304,9,9.19103734903228
1304,51,9.807763705908076
1304,70,10.329275582717347
1304,91,11.019023458934141
1304,151,10.451061866209939
1304,189,7.495521149629036
1304,211,5.537678701458997
1304,223,nan
1305,129,8.396362211093072
1305,149,7.253564868071743
1305,172,5.450892856308896
1305,184,4.45483016920565
1305,202,2.8894386447436493
1302,33,8.605741014872168
1302,86,10.237027196318248
1302,110,6.921927246190998
1302,123,11.128504633303045
1302,147,6.881922896756124
1302,163,9.339414039490894
1303,44,10.78141016516268
1303,72,9.313217508609927
1303,85,13.430424414597681
1303,107,13.357598879048066
1303,126,13.06685862094602
1303,233,9.00193865127713
1303,243,7.461910643640081
1304,11,7.522866228245487
1304,29,6.192622887742571
1304,85,6.422903960558689
1304,147,5.466705420052592
1304,191,2.1220579344783888
1305,62,8.360369984349802
1305,89,4.986270439206613
1305,130,10.116779694208905
1305,148,5.696232638326936
1305,158,5.191028673813555
1305,168,6.953272012193277
1305,184,4.335051676850426
1305,232,8.97701039550929
FAPT,10,13.113258334811263
FAPT,29,6.681123520022241
FAPT,36,6.689129914620711
1302,65,7.6461087896831685
1302,117,13.0210777810177
1302,165,12.092210178949465
1303,27,4.629512383773719
1303,32,9.88866922032024
1303,86,12.707420433660058
1303,106,11.946700554785139
1303,120,15.483314796259698
1303,179,11.918921387794594
1304,10,12.996539486153772
1304,25,7.043745377414751
1304,59,10.300143161414743
1304,72,5.0942698252250285
1304,97,9.471768858625678
1304,149,9.254857919483305
1304,172,4.332313084860198
1304,186,nan
1304,209,5.21004163104511
1304,226,5.5708124923182645
1305,34,6.040685365274418
1305,66,6.247831438396121
1305,117,6.628404714492691
1305,127,11.481257436203682
1305,174,8.85442977556943
1305,229,10.93514064682039
1302,11,15.802117619718533
1302,56,12.786088118290973
1302,115,15.333246727044212
1302,176,12.862451640134264
1302,199,13.87207675714097
1302,229,15.228441462952343
1303,28,12.612301613272729
1303,56,13.70765605491276
1303,85,13.48809304706348
1303,112,16.215802542454664
1303,140,10.953503230681658
1303,185,12.773197126523039
1303,197,13.188678200062142
1303,225,15.557818680004312
1304,53,10.252047645130375
1304,86,10.444584071659913
1304,100,12.204711285303203
1304,133,14.74467919703721
1304,153,10.038617424688947
1304,169,12.793453197319531
1304,174,12.252506279715158
1304,193,12.934971970921707
1304,216,13.506607666536985
1304,230,13.025653864524713
1305,9,12.396569742144008
1305,32,9.28896759435579
1305,49,7.875158029547322
1305,66,11.765415466502333
1305,122,14.83109852696069
1305,169,10.683282395989906
1305,232,12.484345013687744
FAPT,39,11.640547490095889
1302,6,13.979574310992305
1302,30,7.349757112107077
1302,58,9.535972553047129
1302,110,15.707382343329478
1302,167,12.364381150856454
1302,198,11.744400627636125
1302,220,15.77582576937171
1303,13,3.0571229612469644
1303,26,9.97690663602906
1303,43,8.83721640576087
1303,53,12.08595076590841
1303,79,12.216934611453931
1303,105,16.639805197433187
1303,179,13.416433791945215
1303,210,14.360555174751731
1304,51,13.204657814339827
1304,78,14.264797242164436
1304,109,14.333474476356624
1304,124,15.73216746366562
1304,172,15.258556155880939
1304,222,15.37048975437952
1305,10,14.386322558190978
1305,62,10.197719135009901
1305,116,15.323025739547607
1305,172,12.398809505364001
1305,232,15.352564896970106
1302,8,9.857946530731748
1302,38,7.506688131326862
1302,107,15.227150766163193
1302,147,10.450091530833559
1302,171,12.4224432135448
1302,213,14.213620975316577
1303,14,8.368026203486833
1303,54,9.954348958556457
1303,63,8.819758132331192
1303,70,13.01668677184836
1303,102,15.514335809044868
1303,177,11.78057355438886
1303,201,12.155232447995454
1303,225,9.279132857945598
1304,42,12.592819233411435
1304,53,15.125185604206592
1304,80,15.696017710135223
1304,107,17.915023079498496
1304,140,15.234513641317037
1304,154,14.918085108748329
1304,213,17.381731848536216
1305,11,14.370611240882427
1305,18,10.780903435913412
1305,39,10.46414434651135
1305,71,13.055618635666184
1305,111,15.545408830319271
1305,182,12.334995934494026
1305,223,14.956592271420943
FAPT,15,9.307824271437092
1303,14,11.348887647791393
1303,68,12.449193250573856
1303,77,12.908163398984446
1303,101,15.14619665662634
1303,116,12.152256623534276
1303,204,12.62839846313659
1304,45,9.579482504715834
1304,76,10.984791841265713
1304,83,11.338515451678369
1304,99,15.868288278219815
1304,110,13.94487536558293
1304,144,14.556354382903987
1304,176,14.803007985493103
1304,207,14.327910000029846
1304,230,14.32271148679451
1305,9,13.099287384693428
1305,29,6.638590631818081
1305,64,11.822510985153212
1305,105,14.88787987157346
1305,210,12.55998163839434
1305,225,12.116398104233197
FAPT,36,10.490499425581902
FAPT,45,6.559642445362519
1304,1,8.490616534710231
1304,12,7.830366945802788
1304,75,12.387269452109688
1304,98,14.31627012894095
1304,113,12.810764162471331
1304,198,13.225884184485473
1304,232,10.587683160860376
FAPT,5,4.57144671693634
1304,86,10.041400227166797
1304,97,14.8397940799175
1304,153,13.81509556191407
1304,156,13.748600267169548
1304,219,11.558042038873086
1301,72,10.454209646030213
1301,87,12.29185581935057
1301,107,11.463507777741091
1301,126,10.553357328707119
1301,143,13.282456980670808
1301,189,11.696221802173461
1301,210,11.815438688852813
1302,15,6.635121367378071
1302,73,10.595694377173624
1302,125,11.170107592895972
1302,146,14.167520404778895
1302,162,10.282616499100426
1302,187,9.861300327042247
1301,35,9.208372588230436
1301,79,11.289584164167065
1301,138,16.233956109071645
1301,156,13.48841182693622
1301,169,12.725041183214687
1301,184,13.491109335602495
1301,193,14.480344395135623
1301,203,13.463798466224212
1302,10,10.322579416889939
1302,13,8.112113057915371
1302,90,11.956770335903432
1302,145,15.716150514992322
1302,164,12.333328782759773
1302,189,12.995799762345495
1302,201,13.307682630712199
1303,51,9.873146207955642
1303,71,13.921598181413312
1303,77,13.40024806624327
1303,88,9.34391138282329
1303,144,13.946048981089092
1303,168,8.01418802519366
1303,206,9.303602026179338
1303,223,8.786514592823329
1301,13,3.495004843865759
1301,33,6.782512521275283
1301,98,13.80809492200375
1301,131,15.833939855323965
1301,145,12.355192165388951
1301,148,12.891748463110988
1301,164,13.609217222651765
1301,172,13.492246315077551
1301,196,14.772844669578566
1301,213,14.154235703418117
1302,8,11.89262886298856
1302,51,10.699087119832136
1302,55,11.514302006861637
1302,105,12.915162457929519
1302,140,16.56247650429212
1302,220,15.249303191551284
1303,67,10.560098180019107
1303,77,12.652343590828803
1303,92,12.651537895799034
1303,105,13.183360131623791
1303,122,12.097474384473442
1303,140,16.786313468419753
1303,167,9.822266034211847
1303,175,12.51870267387391
1303,221,11.484012462362776
1300,63,12.204540917250963
1300,76,12.836296383053316
1300,126,15.643755411485152
1300,205,12.736274830272361
1301,22,7.849043604591338
1301,70,13.865843294305458
1301,120,16.651326394789194
1301,150,14.420548458048565
1301,214,14.585021590238894
1301,219,14.24503780899128
1301,239,15.126567930393552
1302,19,8.666576496932501
1302,45,9.428847015414863
1302,62,13.336840427841558
1302,123,16.296076018433673
1302,167,13.370119525773987
1302,216,15.660576985701645
1302,227,14.930193773702447
1303,4,6.687158642605642
1303,22,8.585957390406785
1303,46,11.390015150866324
1303,56,12.595737019551406
1303,96,14.536042665833627
1303,116,14.303964913476332
1303,131,16.81012095197472
1303,188,14.047870513641872
1303,195,13.758249510411268
1303,212,14.121474485902654
1300,34,6.370745752591595
1300,41,7.149491068508446
1300,59,12.897572794101926
1300,80,13.121178336843084
1300,118,16.755177008473517
1300,193,12.427719033167095
1300,237,14.940694770734009
1301,54,14.641669720466586
1301,69,12.94908358747711
1301,108,17.376811441110963
1301,162,13.945985875670072
1301,168,13.028175211626316
1301,215,17.230795227058632
1302,25,9.486694437215991
1302,57,11.517015737863805
1302,71,10.210244632535952
1302,78,13.732300563767915
1302,105,17.11983202799745
1302,178,14.531545795007546
1302,209,16.925679615404043
1303,1,8.986869043867605
1303,58,13.975733902368985
1303,72,12.316217701609952
1303,116,17.872693851418763
1303,134,15.806179935106698
1303,171,15.837582634578645
1303,211,15.347301245304752
1303,231,16.671360601946454
1300,11,8.83835911544663
1300,47,8.077292875934852
1300,83,13.529793210984856
1300,111,17.581847213542137
1300,139,13.584959504333122
1300,167,13.207256376935955
1300,195,13.408680293417117
1300,205,12.749823816260372
1300,222,16.972568694893468
1301,30,6.11789266152043
1301,50,13.372501549981774
1301,75,12.54634620598944
1301,100,16.944106596638896
1301,162,12.534327103837482
1301,200,16.136158195270806
1301,210,14.163109541644419
1301,228,13.232342055244057
1302,70,12.508568382711243
1302,96,16.04126587653273
1302,105,13.728754720872816
1302,123,13.059721669333467
1302,137,13.12349462967324
1302,150,13.41466127425578
1302,191,15.561275919926256
1302,224,14.453978092364432
1302,230,13.190546171147457
1303,26,12.47912424603858
1303,51,13.85029019690652
1303,89,12.504786579485913
1303,102,16.750145579493065
1303,146,14.35507278719339
1303,161,14.091809599532896
1303,175,13.932111095448171
1303,205,16.655575253641114
1303,224,14.423416730467991
1301,51,9.72269328966515
1301,62,10.159355255297587
1301,67,12.010075888969368
1301,72,12.537432116456008
1301,96,16.03048813616266
1301,135,12.604107985041688
1301,158,12.799835342088993
1301,193,15.816345053936091
1301,204,14.463417050484006
1302,44,9.081059182730778
1302,66,11.437316919243797
1302,93,15.511498831824685
1302,186,14.171298638048444
1303,24,12.236374945157031
1303,48,12.235819659198246
1303,66,11.644926958711492
1303,97,16.19198060649224
1303,134,12.269855828100315
1303,154,12.196675100003525
1303,169,12.327312003855894
1303,183,12.700768010488957
1303,193,12.780786957902945
1303,217,13.126806455720478
1302,54,9.69377632874404
1302,70,9.37314212197826
1302,141,16.84650440617815
1302,188,13.910332892495836
1302,211,13.5531225679864
1302,231,11.963487680393744
1303,72,13.901582569599999
1303,106,14.917155614855048
1303,126,13.894496845992027
1303,143,15.43287697635478
1303,186,13.182913558424795
1303,222,12.959304012535892
1301,29,6.544655293451855
1301,88,12.881295638778976
1301,117,16.339067994181264
1301,154,11.43452032730291
1301,206,13.799245177546968
1301,234,14.659958899514152
1302,52,9.098673257384936
1302,62,11.432116932370315
1302,90,10.751657153879444
1302,123,16.794495377078874
1302,153,14.71112340980865
1302,178,14.063493858505412
1302,191,15.094933323170583
1302,209,14.826232408124778
1303,31,12.932322929863222
1303,61,13.716746517773995
1303,88,14.255199876560116
1303,124,17.61738050763268
1303,136,14.707836718275471
1303,189,14.567723435949132
1303,203,15.233754180931491
1304,40,9.307596858731296
1304,54,9.23393701850157
1304,76,10.265483542602489
1304,80,9.384012538244999
1304,101,11.074318861286397
1304,113,12.585472621949904
1304,134,17.19142045434686
1304,161,14.129086998276836
1304,206,15.001963737341057
1304,225,14.822494919116602
FAPT,26,9.148856371678642
FAPT,47,8.861544501447776
1302,54,14.344011285850861
1302,99,11.0771098275654
1302,108,15.772344147782075
1302,134,14.129972686159217
1302,151,14.796932233145391
1302,161,15.390752862349096
1302,217,15.865223502630712
1303,27,13.158339179886848
1303,54,13.676078296854758
1303,80,14.08066918695144
1303,107,17.714021561289414
1303,125,14.441653222858108
1303,213,16.394376336640413
1304,103,11.233641508142316
1304,124,14.953212841316873
1304,167,14.019366598966572
1304,220,14.953482928055806
F3TN,21,8.123214339681232
F3TN,27,6.747553273166118
F3TN,34,7.486257489651438
F3TN,45,9.227564883359218
F3TN,24,10.91896064312408
F3TN,51,10.079591765747292
F3TN,78,9.756723709212489
F3TN,53,8.513856406482095
F3TN,62,10.003984716026736
F3TN,84,10.769227755691539
F7TV,27,10.938786433426909
F4TN,37,6.207258583070187
F4TN,25,10.20127060849682
1153,25,10.756850563082134
1153,50,12.719116125172231
1153,71,8.048796827864356
1153,75,8.855229823222182
1153,100,14.06258641133477
1153,158,13.811281222044226
1153,185,10.950173642362152
1153,202,16.151294393169806
1153,224,10.994272799628245
1154,14,12.04435525652477
1154,54,12.023812443245046
1154,109,16.363992309066944
1154,162,10.824803361090261
1154,169,11.898658179323716
1154,216,15.86931628950416
1155,6,11.36152249051165
1155,41,4.194459747725612
1155,51,7.604453147256339
1155,59,10.267071961104337
1155,90,3.7370088777319594
1155,117,14.407745728101915
1155,181,12.357252777854676
1155,233,13.068532937720343
1156,49,8.772011726398913
1156,82,9.20270342520957
1156,126,13.145364574865017
1156,158,11.471109710381464
1156,222,11.771030277678545
1171,28,9.729725407684267
1171,55,9.13257079834212
1171,63,4.6972195794395795
1171,111,14.155282390811282
1171,134,4.6237527328318055
1171,152,5.491023872723807
1171,217,11.261103682189685
1171,224,13.239445842222322
1172,63,10.20356098880933
1172,103,10.098965861830338
1172,109,10.110621053386922
1172,138,6.957881687031277
1172,176,9.347567356114762
1172,182,6.5841755325317255
1172,234,9.605851790472773
1173,11,15.433730077450223
1173,37,11.438212057110121
1173,83,11.371258215668785
1173,94,4.3834783998757985
1173,129,14.28996155231006
1173,138,7.141682007544507
1173,151,9.846306130173462
1173,164,7.123134926152294
1173,169,6.549707487007007
1173,197,12.149199042939534
1178,45,10.712627158303324
1178,51,14.103067410141875
1178,71,9.436846863069055
1178,76,12.910861571907727
1178,97,14.247425633164855
1178,102,16.546649737038337
1178,120,10.799415352650847
1178,141,12.369578523213606
1178,157,13.6928119158443
1178,194,13.641708288004036
1178,206,15.316858488680918
1179,47,8.881585310018378
1179,109,14.186666567802382
1179,172,12.519503649167039
1179,217,16.280227621481895
1179,219,16.15734310314148
1180,59,11.04463598274998
1180,119,15.77843872065289
1180,178,10.820976773851571
1180,214,12.527246671014495
1180,233,14.064845160279527
1181,18,13.437175733680187
1181,126,14.949473246739878
1181,182,12.878989301759017
1181,219,10.37974350086552
1181,228,11.154166877496088
1069,12,12.446626058169212
1069,33,12.668609917568217
1069,100,13.410067138107046
1069,130,15.063743698177305
1069,217,13.990660057798554
1070,1,11.293818018810878
1070,60,9.697490071499313
1070,120,15.92436505740891
1070,155,9.503092512908276
1070,188,12.826772242933075
1070,214,10.561361792896424
1070,230,8.904512220371942
1071,30,3.0582463143720395
1071,36,6.789162192468387
1071,55,7.147789541315079
1071,82,nan
1071,109,16.284714760391726
1071,136,10.930240756982869
1071,171,12.769946226582835
1071,207,9.953091495674254
1071,217,15.209031949347034
F4TN,38,12.072854565824633
F6TP,37,13.703292126230629
F6TP,14,9.105501023924155
F6TP,30,14.680186099790165
F6TP,41,11.136524769167174
F6TP,45,9.490243433205745
F6TP,24,13.63273434782906
F4TN,27,10.949619287823953
F5MN,38,10.101173087177546
F6TP,29,9.979983654503853
F5MN,33,10.603229124534522
F4TN,31,13.899544528875403
F4TN,44,9.308319180445505
F4TN,26,13.019393914867326
F3TN,51,10.475390605854692
F3TN,73,11.947887112904969
F3TN,32,11.128405625345973
F3TN,64,11.975402111362781
F3TN,26,10.37889389747821
F3TN,40,6.817365038484455
F3TN,52,11.178508875523335
F3TN,76,11.246263908750255
F7TV,29,13.778722406613495
CCB,4,8.953426203362804
CCB,9,11.52379698729151
F3TN,14,10.574123812459128
F3TN,74,7.553669417136767
F7TV,32,11.230367398376416
F4TN,15,11.77143235637416
F7TV,11,11.211597776321373
F7TV,37,13.411979267743828
F4TN,27,12.373911756868633
F3TN,9,12.848738800637104
F3TN,65,10.004349133726063
F4TN,26,12.852096984104326
F7TV,38,14.937396587046049
F7TV,46,13.315891707771094
F4TN,35,12.588552255421181
F4TN,26,8.341175831546906
F4TN,35,7.683963497103901
F7TV,17,12.024839775596446
F7TV,44,12.247979698984878
F4TN,29,11.924486671147463
F4TN,34,12.74075218787035
F4TN,27,12.88245042483393
CCB,2,10.491553000110322
F6TP,16,12.451359236225068
1050,57,12.58484041562095
1050,107,13.905667520762428
1050,143,17.43111602335687
1050,207,12.305956384145837
1151,16,16.16186059222973
1151,101,16.69914896868069
1151,127,11.556682185253138
1151,152,11.602494664970848
1151,202,14.591297059150637
1152,27,10.685195096390963
1152,53,12.184334843197746
1152,107,14.095197909608125
1152,135,9.424586580634303
1152,160,12.902187407578442
1152,180,9.524774053945958
1152,188,8.2205796090619
1152,214,15.781838312630782
1153,9,12.255221847828174
1153,24,13.266583691024831
1153,47,13.997138608191161
1153,79,12.950686378134437
1153,116,16.263137738753
1153,150,13.802781718291158
1153,171,13.470631333346248
1153,219,12.51799330427678
1153,231,10.348534231954892
1154,45,10.207676716358623
1154,56,12.132986247532198
1154,62,10.544951858458232
1154,78,10.704009917238857
1154,103,11.732390110545532
1154,125,16.72639126188959
1154,189,12.532129704961461
1154,198,12.791384713134512
1154,219,12.693289802197958
1174,29,4.75660289848072
1174,42,10.077749909182893
1174,69,nan
1174,106,15.661715557825344
1174,143,11.837263055075514
1174,164,12.525419706843415
1174,172,12.470581492310416
1174,212,15.71604782695566
1175,59,10.658645927874833
1175,113,14.656859705351224
1175,121,11.729442117741906
1175,157,10.291256554896346
1175,196,10.851131546938962
1175,226,15.544865318521705
1176,62,13.149664849237796
1176,73,8.714378385838625
1176,100,13.023290056171303
1176,124,16.115813608249102
1176,183,13.85950190439762
1176,197,13.729865484527274
1176,226,12.838075674294789
1177,67,10.594694452903429
1177,80,10.34098708480485
1177,111,11.010858514545188
1177,134,12.476494650464394
1177,169,7.5736964682219945
1177,202,9.800206665029453
1183,49,10.338288141189643
1183,99,13.059021392287855
1183,132,6.612217426401981
1183,151,11.369440040101928
1183,198,15.041068306999803
1183,223,8.968343884706272
1183,246,9.28059326115301
1184,49,15.899328566812823
1184,65,15.8352478947716
1184,91,15.423239199033507
1184,113,15.139007084242968
1184,131,14.3924545335651
1184,171,15.738775167860108
1184,198,14.246453564493812
1184,213,14.764307159931533
1185,46,14.978439835966228
1185,69,16.130429084443666
1185,115,16.080831818764096
1185,189,15.085426475944995
1185,228,15.787760860765625
CCB,11,7.228215871317371
CCB,11,8.223047005042876
CCB,20,10.65263230951315
CCB,11,7.7450623526316695
CCB,18,11.779444424458642
F4TN,33,12.108224524530078
1209,43,7.81586566390724
1209,62,6.24893042953363
1209,86,9.576024069918379
1209,117,14.568247925140195
1209,147,10.637672663563563
1209,154,9.88481606630532
1209,187,11.09810573153549
1209,208,10.023283242180668
1211,51,13.06228139599574
1211,75,11.44497538945852
1211,111,15.672627839286754
1211,171,9.62812292887815
1211,200,8.559073276935669
1211,212,10.125781797538478
1212,78,5.0866247467508385
1212,106,12.87915840052635
1212,167,9.609140531740447
1212,212,13.427290653836712
1212,244,8.051456823024413
1109,15,13.65665527245177
1109,80,15.082620614650608
1109,111,8.748933691121024
1109,161,8.968344807293645
1109,193,9.12106126269749
1109,213,8.02440664597273
1109,240,8.818459827372836
1110,38,6.616902978547172
1110,56,nan
1110,80,9.198829945176229
1110,122,7.77710804997114
1110,159,11.894129455967432
1110,189,6.224352517706108
1110,228,5.215422537205062
1111,115,7.799995893231028
1111,139,4.810231508600792
1111,143,8.156327003079188
1111,159,7.861525026174121
1111,191,8.801084807806795
1104,11,11.075515799303
1104,108,10.685008585150971
1104,139,10.69089519937181
1104,228,10.403682846244632
1105,9,9.56258021952482
1105,51,9.218997874395868
1105,118,9.528005806030372
1105,138,8.197906946431015
1105,173,9.345678858950302
1105,206,8.92975898377614
1105,221,8.203187012117565
1106,97,9.859364261679687
1106,113,9.388238583432683
1106,148,11.480590251674741
1106,176,9.29885308770815
1106,190,8.623600632443598
1107,15,14.541938588706909
1107,24,8.598624632161087
1107,77,9.375886619532066
1107,119,8.969105198644145
1107,146,10.802522223161757
1107,169,8.606513685441533
1107,186,1.9317069661240094
1107,211,5.728566938345407
1100,10,12.955203084565955
1100,77,7.32558030933313
1100,88,12.672159412590503
1100,111,12.774110149832987
1100,129,10.76070037639488
1100,154,12.013635432793635
1100,176,11.784824946066049
1100,226,11.604947280217138
1101,8,11.94495864142083
1101,57,8.874886734102617
1101,77,9.974858273391122
1101,85,9.604994156309592
1101,113,8.896303897423527
1101,127,8.394208797634898
1101,153,9.269855419082036
1101,159,8.37508076942354
1101,184,8.288347612510922
1101,189,8.099415034239888
1101,215,11.282631817761121
1101,225,9.255006901975667
F7TV,49,3.929203484434432
F4TN,32,9.99488933644534
1156,100,15.068963107879608
1156,201,14.506612546391427
1157,54,11.503728318770786
1157,88,2.3852251173457666
1157,108,16.213195867690963
1157,141,6.823839040318743
1157,154,6.904960330273879
1157,188,11.155932349341441
1157,217,14.179455910448333
1158,13,15.429932188265791
1158,37,11.772730612106784
1158,54,8.93553906390748
1158,74,11.985177736620521
1158,117,15.891635667173379
1158,172,9.029154982144247
1158,234,10.642754928590513
1159,11,nan
1159,68,10.741808643564283
1159,125,14.69235242523566
1159,179,13.265342671899479
1159,209,10.351352280328708
1170,38,10.042952619444899
1170,67,9.188448188950652
1170,94,10.871480157939162
1170,107,16.3632347451093
1170,214,14.087561028252296
1171,9,12.978596189857951
1171,54,8.86198212817267
1171,114,14.624837632970234
1171,148,7.733778894018966
1172,21,11.730051674110928
1172,48,12.41838112500115
1172,80,11.804559235095073
1172,122,12.646975420853071
1172,178,12.419917184084884
1172,229,13.108342050862994
1173,2,8.475621664263038
1173,94,8.827575940007012
1173,112,7.843155608975405
1173,130,13.583032638296867
1173,177,9.70850150898306
1173,221,11.486668446489032
1172,12,14.340408293690615
1172,70,8.353457066501074
1172,91,12.503137583683216
1172,103,13.195640331906915
1172,171,8.367126052798149
1172,182,10.560205419577088
1172,231,10.340066602529292
1173,110,15.951092761293673
1173,174,9.400802249602533
1173,220,15.372348993102733
1174,32,6.397823096134157
1174,58,8.217880334847752
1174,68,7.136517181357219
1174,117,15.798023336467029
1174,145,7.087323805657141
1174,234,14.919198334797288
1175,19,9.72851526631341
1175,34,11.754312102091422
1175,123,14.414333854166049
1175,155,14.321105231050373
1175,230,12.731560501972403
F3TN,40,8.844421654670002
F3TN,77,11.003595559312737
F4TN,24,11.27571917204159
1208,35,10.76097408764647
1208,54,10.798053365370748
1208,118,15.2178433486349
1209,5,9.851228196025874
1209,17,9.748420837531588
1209,28,8.562580721175713
1209,57,8.588515130783929
1209,73,2.935243290514851
1209,113,14.285757449890022
1209,168,7.0528590494269885
1209,183,9.84631392621887
1209,226,13.799434477179553
1211,37,14.237864112116416
1211,71,12.635955643904403
1211,104,16.316246874817754
1211,158,11.09330971585216
1211,209,14.854188266195433
1108,9,10.125176250523813
1108,29,8.410309804047415
1108,45,11.44089761664956
1108,56,11.065312575808225
1108,62,9.257456263842785
1108,71,8.448164160044403
1108,110,10.638950850995649
1108,131,14.378959363932914
1108,175,10.076714223350567
1108,204,10.389051381648933
1109,21,13.135873081257225
1109,41,7.754777898048301
1109,62,3.0433459089212898
1109,123,15.602510717235749
1109,190,10.821898265128825
1109,211,9.328165264232222
1109,240,9.407167368675893
1110,47,7.401010454400132
1110,86,3.8065921271170966
1110,115,15.994119616371785
1110,177,11.899867262919885
1110,183,10.79665431819932
1110,229,15.725188210701148
1111,90,11.706952452219369
1111,107,16.162296683293746
1111,133,10.039969741410218
1111,150,11.402211053661489
1111,214,14.913241498530086
1107,43,10.073321021226064
1107,63,9.583278605715643
1107,125,15.514000545832793
1107,167,10.476435817104807
1107,189,12.156352124630548
1107,217,10.709569466764016
1107,244,6.209098051580701
1108,14,12.894537205157782
1108,73,10.760239221646568
1108,117,13.0068190174749
1108,181,11.474274960183395
1108,210,11.566909522204458
1108,235,11.800717424505628
1109,9,11.994650694296016
1109,19,14.465316141131954
1109,109,15.46937650625855
1109,136,10.951302927755481
1109,217,14.595290371523273
1095,20,5.118343599584257
1095,62,9.377732605743464
1095,114,13.24907706865764
1095,124,16.01911112221321
1095,156,9.80723993114282
1095,181,6.058008197203803
1095,185,10.701718237352708
1095,226,9.312655817387407
1096,52,10.018841316239197
1096,55,10.285764967224313
1096,80,9.51194824995158
1096,116,14.807294622284136
1096,161,9.676415194080912
1096,175,12.184526157058453
1096,190,11.315409141383023
1096,233,11.927467901602249
1097,20,13.828946993204658
1097,66,13.277410380356718
1097,107,15.332202807305489
1097,132,13.604052908282965
1097,164,13.155272829929212
1097,215,15.09652352295165
1097,234,7.1793251537240055
1089,27,2.222644944295902
1089,117,15.638985039559909
1089,234,12.63302438514918
F4TN,20,9.73969889913428
F4TN,33,11.19074695732406
F7TV,23,11.666702789504305
F7TV,25,10.199118113334029
F7TV,35,11.764609336824975
F4TN,32,10.628913741256111
CCB,11,8.552121604349148
CCB,16,9.070427868876346
CCB,22,14.607662542610694
CCB,16,10.719566358126746
CCB,22,14.392873215418156
F1TN,23,15.893526188851403
F7TV,29,8.547220345026268
F7TV,36,10.52945419020656
F4TN,29,10.059449138369743
F4TN,33,12.9613737038834
F4TN,25,13.887312861560737
F4TN,18,11.636928960521724
F4TN,35,12.620353620370972
F4TN,21,10.483472925693293
F4TN,27,10.632737101295566
F5MN,31,12.360493709727036
F5MN,27,11.09319673475265
F6TP,24,12.527256929960666
F4TN,28,10.750883657550972
1199,15,13.968753932230522
1199,31,14.440622250576192
1199,61,12.62341779922753
1199,71,10.755531772715845
1199,92,9.910647841506519
1199,104,11.566762645309849
1199,123,15.127600078863013
1199,222,12.200863969865816
1200,16,12.398308999468014
1200,31,11.907071850823714
1200,49,14.026991745834792
1200,87,12.168701804122362
1200,116,15.784238419333905
1200,145,9.438938820726007
1200,233,12.371018664634084
1201,28,8.954783191102047
1201,44,7.92549210460427
1201,53,8.778363171199931
1201,109,14.765275504286453
1201,180,9.066438877714871
1201,199,9.52268312112667
1201,218,13.734919809386817
1202,19,8.156333593597836
1202,46,10.502042487080509
1202,104,12.658717877783827
1202,133,7.453493699887073
1202,208,9.89772411836179
1122,14,12.456712655412987
1122,50,10.758824721104768
1122,124,16.000787692817497
1122,155,12.22025618239952
1122,204,13.74433670582555
1123,29,12.43068478228122
1123,88,11.350068390847294
1123,117,16.761356208207573
1123,140,11.256173627700267
1123,166,11.25696938770819
1123,195,12.979576682245815
1123,234,12.480498996672218
1124,27,11.396374213703826
1124,39,11.268186896401604
1124,83,11.025839574354176
1124,110,16.641069736831337
1124,221,14.488618706343816
1157,28,11.07768096726553
1157,55,11.77832351654766
1157,110,16.40815651030127
1157,158,6.890184983286493
1157,182,11.60813805198197
1157,221,15.709667353038643
1158,7,8.175574654089719
1158,13,7.27607634604825
1158,44,9.940665445445422
1158,63,9.392557986860773
1158,123,16.719272841057602
1158,142,9.726176045822491
1158,204,8.381506944133495
1158,222,9.822715469411232
1159,34,12.122906529392413
1159,56,11.127433386722302
1159,80,10.457625483432036
1159,88,4.302499738441188
1159,101,11.60475670168906
1159,135,13.246252188536854
1159,146,8.309964293546823
1159,197,10.587299318852946
1159,221,11.025249179709789
1168,62,6.290191535880487
1168,114,11.983029788122474
1168,130,5.541148993809957
1168,230,13.733238176621434
1169,84,8.082024680361119
1169,129,9.764255272373335
1169,194,10.263553405211477
1169,224,10.103577532568764
1178,27,9.483770645291145
1178,85,7.790726168330487
1178,108,15.20878041818733
1178,180,13.38852181979394
1178,216,14.022200525526497
1178,242,8.405085209803495
1179,30,10.812688721963042
1179,53,9.281524657820947
1179,58,8.966548408381653
1179,119,16.251599208420473
1179,150,10.21894754008101
1179,200,12.68358057256883
1179,238,13.597813465209263
1180,51,9.823726782552383
1180,133,15.959444805344072
1180,155,12.16338493914773
1180,166,12.459326051519586
1180,221,14.028026037197716
1180,231,13.122221728298882
1181,143,13.368611234790627
1117,14,13.623967015030358
1117,120,14.955832484717481
1117,159,10.56828895666127
1117,190,12.705885361311271
1117,225,8.55840767580617
1118,14,10.245956400654963
1118,28,8.939374065389728
1118,112,16.73826926023423
1118,140,9.943942459832867
1118,177,11.703851148434712
1118,224,16.050264827796344
1119,35,10.921384073869067
1119,105,16.59441457864218
1119,128,10.777846617873383
1119,167,13.09519042827668
1119,210,15.201188300720986
1119,227,11.063005164029686
1120,6,6.051259983991134
1120,98,17.085574093243416
1120,154,14.197899661461044
1120,196,15.791407425475342
1120,235,11.167782558480383
1115,54,9.1503625583131
1115,92,6.734033818747252
1115,120,15.505587304238864
1115,150,9.442613100302989
1115,201,12.533850118584457
1116,45,2.4361098714812908
1116,68,7.1986331182982575
1116,114,16.35561618906312
1116,181,13.207620816402246
1116,207,12.480275316017854
1116,228,15.797190119195147
1117,23,12.340085916619593
1117,108,16.52854967559603
1117,135,13.166540488835023
1117,169,13.718337379306059
1117,216,16.433925989677444
1118,100,16.34488811844995
1118,128,11.174492343453089
1118,158,12.60685832761083
1118,201,15.852526425612387
1110,54,11.587532004097564
1110,107,15.486844444760182
1110,122,8.701555140756073
1110,134,11.541260775262224
1110,170,13.364543276764396
1110,201,12.040910304208081
1110,214,15.400864786424346
1110,231,9.567447319989876
1111,24,16.591795878295997
1111,70,12.338533789040442
1111,101,14.182186066228155
1111,128,12.188794777361808
1111,169,13.51027285186566
1111,203,16.076854794951938
1304,45,4.636436703497421
1304,65,9.025218154066843
1304,111,10.091672172409602
1304,140,12.056066008342764
1304,153,15.765753521387891
1304,212,13.365226937672967
1304,219,13.086095176943113
1305,26,5.964128066697237
1305,59,5.289342588622157
1305,69,8.068337116456934
1305,78,5.2404736990414325
1305,127,11.9622733709065
1305,148,16.098569870279206
1305,164,11.987875010694403
1305,225,12.766247909947774
F4TN,9,6.483031956610162
F4TN,35,10.988715906884693
F4TN,29,11.397358358345022
F4TN,23,9.770532624766162
F5MN,25,12.499622253449477
F5MN,30,10.10435207660539
F4TN,36,10.627267634290307
F4TN,15,10.731360860568504
F5MN,32,13.189840339740586
F5MN,25,11.433127832015204
F4TN,31,12.159798823132386
F3TN,50,10.077177840484959
F3TN,59,7.500236143591891
F3TN,74,10.808972284176212
F4TN,28,12.052762911212799
F5MN,25,12.945815121381422
1226,17,14.050855287463186
1226,40,12.526648438988257
1226,57,13.652669946670578
1226,85,11.621732830851943
1226,112,15.76852798936698
1226,156,10.768500629404363
1226,180,9.040929435054672
1226,203,10.534594064521368
1226,225,11.17166624034729
1227,26,10.852769011720305
1227,39,8.12398683640746
1227,49,7.709618545476236
1227,53,10.232108126309619
1227,61,6.266670291787937
1227,105,16.688476804819118
1227,131,9.098131827831992
1227,211,16.01609758879966
1228,50,11.164378766158855
1228,79,4.991107050812782
1228,99,13.726755866380458
1228,156,11.626480840819617
1228,198,15.324060873645857
1228,213,11.701500985114055
1228,223,10.020704504122897
1229,33,10.200432824756536
1229,64,8.130563400437179
1229,91,15.614009329507788
1229,150,14.29802124103083
1229,182,16.078449147564044
1229,207,12.452217216398951
1155,49,9.999143111764276
1155,111,17.041597505439686
1155,151,11.011904484671447
1155,172,13.376010606759099
1155,222,15.74731005710335
1156,13,15.125391441482032
1156,52,11.336189487743846
1156,75,8.938267891634931
1156,81,11.01885392823948
1156,122,16.267707434847633
1156,190,13.148249852142
1156,217,11.701769572350473
1156,228,11.719319618941554
1174,42,11.509096297721017
1174,59,11.957430333270246
1174,100,15.377859990831933
1174,128,11.253557545301959
1174,134,10.437282268324564
1174,139,10.520223167007659
1174,160,11.710446250546147
1174,199,12.973409408592659
1175,22,8.435118663726005
1175,54,10.876810200603128
1175,107,15.583594718701066
1175,139,11.269386892697693
1175,162,11.232732121342124
1175,172,12.320916346501917
1175,214,14.016518257762428
1176,22,15.100411259326023
1176,67,11.862229794841463
1176,75,15.018328283547437
1176,118,16.19516227571617
1176,134,12.425520623410971
1176,188,13.664521842006378
1176,236,15.16587508188971
1177,33,10.02237744383265
1177,83,9.030334495889447
1177,132,12.95965290498578
1177,160,9.840565640352532
1177,210,11.64351472079513
1184,7,8.743393925219662
1184,57,7.524560084647951
1184,98,9.534568796639416
1184,106,14.29189249992588
1184,151,13.477186321017056
1184,165,14.057308415393365
1184,173,13.515836007827662
1184,176,13.166110105173184
1184,213,15.159362113249653
1185,55,9.523398093877182
1185,83,7.818118646513179
1185,114,16.878910435321643
1185,182,14.09454335013436
1185,185,13.598082843222672
1185,229,15.675141432503088
1207,15,14.79226316653011
1207,30,15.828061888275082
1207,39,15.807354361071743
1207,77,15.368555559806556
1207,92,14.096313185842671
1207,106,15.404264897529723
1207,123,14.183960024653132
1207,163,13.794384426587222
1207,211,16.286741294551437
1207,224,11.223745395026985
1207,228,11.067798690796998
1208,5,10.949441515702475
1208,26,9.646896794026894
1208,105,15.88386969256919
1208,133,9.453218435833861
1208,150,9.450282309851762
1208,162,10.319122210559556
1208,210,14.332731141191195
1208,227,8.05276643217759
1209,18,17.068550868970075
1209,25,16.38595736767553
1209,34,16.10135888515398
1209,53,16.559488423083952
1209,69,15.493045226966991
1209,144,14.353568519030533
1209,164,13.334554790886276
1209,166,13.152349889651756
1209,196,12.840976722280828
1110,14,16.60665794798961
1110,20,16.678034730747843
1110,58,15.991830000220894
1110,70,14.66749075105946
1110,128,16.042607682618787
1110,200,13.906900798792329
1111,30,11.338099346851344
1111,68,11.223351172793482
1111,120,16.042886313084786
1111,150,13.044185372970885
1111,165,11.897312260293466
1111,187,13.772084500992614
1111,240,7.9303507518300105
1112,28,8.37807574807374
1112,49,9.889346029738766
1112,55,12.322386729401625
1112,68,11.620548685720639
1112,84,9.921925637672551
1112,111,16.478276088958534
1112,166,10.53493840465302
1112,170,12.721090739241628
1112,198,11.144537442221722
1112,221,14.671946589064124
1113,3,9.485571981255758
1113,11,13.68489132723778
1113,38,13.58097195977027
1113,66,10.108798021502217
1113,104,16.821873515459924
1113,159,12.544297277838039
1113,208,15.323695425811607
1113,246,5.516676067595857
1103,53,8.918050369553203
1103,119,15.002199210675089
1103,183,13.036241846705448
1103,207,8.45854684792035
1103,241,8.894846917519299
1104,11,9.876861980557734
1104,28,7.950487426309265
1104,108,15.690131776308816
1104,168,13.74364106235187
1104,208,9.941858934202337
1104,217,12.499688693478985
1104,235,9.58947476142027
1103,29,-1.857894880608682
1103,34,nan
1103,55,10.080098154187338
1103,82,10.349283624009097
1103,110,15.597453182960221
1103,170,10.300728090368933
1103,184,10.473341869200759
1157,20,9.510926134059916
1157,82,14.2411066070752
1157,108,7.782009737549842
1157,128,8.895940801934115
1157,163,12.514416427315426
1157,198,9.291218573384501
1158,21,11.124613804857017
1158,62,7.624953946969066
1158,86,13.318123392528483
1158,138,11.730510002214785
1158,171,13.540415339267394
1158,212,8.388988070369514
1159,23,10.085157126919782
1159,34,8.576141713053408
1159,46,11.256687856038855
1159,92,15.790279284122796
1159,145,13.353425788992732
1159,183,15.813880375881427
1159,224,11.934819096516666
1160,49,10.11927578769328
1160,98,15.140020601520776
1160,196,15.408937645681933
1160,223,11.056751790091841
1167,33,8.291760280762324
1167,43,10.30017122728883
1167,85,14.142654986461613
1167,136,11.918334805763426
1167,171,12.120548418805491
1167,176,10.567619510069656
1167,223,9.498771036739926
1168,14,11.653525849203408
1168,40,13.083497355992646
1168,53,13.905694448225505
1168,56,14.420219727345692
1168,103,14.440016848509757
1168,179,14.480642259425434
1168,194,14.731111692058644
1169,57,10.797456249619772
1169,97,15.453352446053001
1169,193,14.214988499204924
1177,71,9.867008561385056
1177,84,12.811152313589481
1177,125,11.131306253701778
1177,168,12.641748616756514
1178,34,14.045768696617252
1178,58,14.021409114170645
1178,90,13.871381861516838
1178,106,8.93021442446795
1178,113,10.404220953393606
1178,144,12.183607002921587
1178,163,9.104469164981303
1178,180,13.884514421864033
1179,4,7.899401371723487
1179,24,10.896443785810586
1179,49,9.664841679905336
1179,55,10.107172930424564
1179,62,10.011146391453556
1179,96,14.869588273969178
1179,154,12.45332964479007
1179,160,9.775120214756326
1179,162,11.60496912758624
1179,169,11.86955231269234
1179,193,14.144863317144827
1179,229,10.422202779350746
F4TN,19,9.15138249128102
F4TN,29,9.495414248055773
1213,14,15.258605592972529
1213,56,14.158698500976508
1213,75,12.935271856379625
1213,99,14.03397811538185
1213,128,13.402470282223325
1213,164,11.773119450948982
1213,174,12.435220881912532
1213,195,13.587489049898693
1213,216,13.676422578040894
1213,224,12.7187677685476
1214,30,8.723188729330353
1214,121,13.211209700966043
1214,214,6.2512500879916075
1215,58,3.606470835449937
1215,111,15.949579429711026
1215,139,7.257779804868983
1215,160,7.507203127116437
1215,218,11.998736932374412
1109,14,14.49478790310385
1109,61,13.830352472836323
1109,116,16.908934080821158
1109,179,15.241743154933713
1109,231,15.047875176313887
1109,243,8.88519429324935
1100,9,8.77069759984964
1100,46,12.457064776524511
1100,71,10.727910792709194
1100,98,6.109588300566368
1100,121,8.327644233535926
1100,143,12.905751251096317
1100,148,14.47421407106075
1100,225,9.265725312553958
1101,24,10.898800081366087
1101,50,12.128346735447824
1101,77,10.058977554927395
1101,140,15.528398747320898
1101,197,11.064087592705228
1101,215,12.120196303436003
1103,4,9.757002392346315
1103,11,14.478697502351368
1103,51,10.868351753728762
1103,58,10.608989534001765
1103,97,5.572374380206702
1103,129,15.035017376950325
1103,148,9.293173072649111
1103,177,8.775499360963924
1103,200,12.52218167229957
1103,219,8.253902190792227
1103,225,9.168732526179836
1092,15,8.983923843716532
1092,38,7.771109836507712
1092,102,7.35586456830714
1092,179,10.857173682472164
1093,23,7.026797286514059
1093,66,7.561588795791662
1093,153,10.46913448521331
1093,202,-3.0955234078930927
1093,239,7.096771431299443
1094,8,7.480951623735677
1094,18,8.178682981253978
1094,46,8.595433682741039
1094,65,10.401652168957103
1094,99,9.39812451348869
1094,152,11.418364389418329
1094,163,10.80542321275069
1094,196,8.24505190958649
1094,199,8.27790076044043
1094,203,8.632304750599085
1095,21,15.523604103873387
1095,31,14.92143880493395
1095,69,13.3800980680071
1095,122,14.35219007763546
1095,168,13.990438511522887
1095,183,14.318734915163489
1095,191,13.496206360314284
1095,206,13.661386907930792
1095,214,13.731325766029123
1086,22,9.903101897572189
1086,43,12.424190206854105
1086,87,16.300572701931696
1086,137,14.106642932898732
1086,175,14.169845950172215
1086,204,11.88261488148942
1154,44,14.421898520811716
1154,67,12.110314466698963
1154,105,15.852308477519976
1154,131,12.859256754407316
1154,151,12.32552764628723
1154,198,10.216006128119774
1154,210,13.691024670778976
1154,224,10.980336819130576
1155,15,11.333510898886008
1155,41,10.723499478248414
1155,50,9.558764571571075
1155,113,11.273123354959413
1155,145,10.73300962749925
1155,157,10.965644503493337
1155,187,11.35129510980882
1155,194,10.98685740601033
1155,202,10.690711281941741
1156,34,9.050199517079138
1156,101,9.174943412512112
1156,122,13.07065992233176
1156,223,9.367295071065495
1172,60,nan
1172,73,-0.45702016547827595
1172,109,13.35018481876052
1172,220,10.52060236964877
1173,49,8.838281570514328
1173,108,8.537882766187918
1173,119,14.115916003118754
1173,169,8.8037683687804
1173,193,8.093795971551835
1174,7,12.103029494615578
1174,18,11.840216837935898
1174,40,7.125689797745838
1174,60,6.874271440303449
1174,123,13.227839485228133
1174,140,2.299129400123679
1174,190,3.993511052198894
1174,236,8.254091591533747
1175,69,8.585173481992431
1175,82,4.790562402490181
1175,128,10.610601990691828
1175,180,9.688061814553041
1179,24,10.99634714618704
1179,61,8.953945907528379
1179,97,14.810003031183463
1179,161,9.908323660594158
1179,167,9.20559051827573
1179,193,13.923692664340146
1179,229,7.603268222027233
1180,3,9.580956075695507
1180,30,9.480297042828763
1180,37,5.01167426139445
1180,40,5.647529883571684
1180,52,12.146987414619154
1180,104,15.785710316944567
1180,209,16.248957937739654
1181,40,8.41631941716275
1181,113,15.346364148986986
1181,133,9.47119679537141
1181,167,8.272245814352905
1181,190,10.537317724088345
1181,226,15.03736676280754
1182,53,12.118681834017304
1182,64,12.116302728617072
1182,103,13.796897750869238
1182,121,15.337178708772354
1182,146,13.572669063705021
1182,196,13.372488314685162
1182,228,13.064101025218516
1215,26,12.951984731337397
1215,125,14.648915202757129
1215,202,11.389523496953316
1215,225,12.593015354985104
1216,27,8.070602075094973
1216,33,6.827749542329435
1216,72,10.443959566542492
1216,114,11.225410201682397
1216,231,12.078970288282655
1216,239,9.52120164554499
1217,44,4.840648616830363
1217,69,4.332386602815673
1217,109,5.409626288646978
1217,163,-0.84103960755246
1217,219,10.460082418634185
1096,30,8.625050930933613
1096,92,8.87814889409156
1096,122,14.305684943208071
1096,164,6.682823847031125
1096,192,11.087853386328215
1097,15,14.802955957865297
1097,23,14.069845742543826
1097,61,12.446026270833421
1097,115,15.764067431051881
1097,165,12.880804254579763
1097,181,14.141642992460659
1097,229,11.946821765864575
1098,11,12.642069514070961
1098,23,15.86636517799044
1098,32,14.236860570880692
1098,66,15.406606374764396
1098,108,15.582599850166925
1098,132,13.840528854028989
1098,170,13.896119298208845
1098,209,11.403793977276894
1098,215,15.280768260977418
1099,25,6.191405986070604
1099,38,8.959929930505503
1099,70,8.841710688554649
1099,89,8.814369058566879
1099,101,14.66553762001529
1099,157,14.627059674712633
1099,202,14.349768983336022
1094,18,9.63729316775684
1094,24,8.994343654501641
1094,29,10.51720015241112
1094,44,9.027149092297451
1094,60,9.824369685696674
1094,71,9.3875734531087
1094,124,15.452748493488059
1094,195,13.545017040159799
1095,31,5.7140123433161545
1095,71,10.47346137877396
1095,87,10.283991793601635
1095,117,15.855525614169093
1095,138,10.002311043869156
1095,157,9.49681007985099
1095,184,13.012811826945995
1095,222,11.08567065769661
1095,234,14.39555502294021
1096,17,3.880715901490184
1096,110,16.93147439127229
1096,172,13.7103369602305
1096,219,14.173745949746143
1096,237,9.168483737275421
1096,246,8.05532633057077
1097,51,11.509403184755104
1097,103,17.058241126614064
1097,161,14.279626556860547
1097,206,15.790787885199967
1083,43,10.13376757551268
1083,52,5.312973067496109
1083,56,10.975974115186185
1083,112,15.155090821660833
1083,142,8.815252487813067
1083,179,12.592070677885868
1083,224,13.796889387442999
1084,39,nan
1084,52,8.22161461221013
1084,79,6.420559276831933
1084,105,15.752639595769418
1084,167,11.481680285746329
1084,172,7.097486004533941
1084,209,13.534608450222958
F6TP,30,10.865189340224909
1157,44,14.654703511302396
1157,56,13.547541055750001
1157,77,13.69682135216298
1157,106,15.332378334912349
1157,121,13.339127828836702
1157,164,13.59114238151114
1157,176,13.411864503303125
1157,198,14.471432646458373
1157,211,14.845534745475675
1157,248,-14.180163275718964
1158,13,12.119765159874609
1158,41,7.767776151808212
1158,47,5.43942502378202
1158,55,7.571707318028605
1158,115,13.627341467661092
1158,152,6.0460859756030105
1158,169,6.822966910887031
1158,173,7.239162401903226
1158,184,6.647324745776468
1158,204,9.020963391250167
1158,230,12.910195244191362
1159,14,12.806951477426987
1159,48,6.617897754401896
1159,64,9.181391908431744
1159,81,9.0941794924728
1159,105,9.595205832742064
1159,127,15.194372962380701
1159,159,8.926590556091075
1159,165,7.241809878633948
1159,207,9.50053019501704
1175,23,11.783383538561598
1175,46,10.7042168557928
1175,98,8.420324872244521
1175,202,12.095134874692999
1176,53,7.14668848867772
1176,113,13.286838415349314
1176,127,6.420652029581544
1176,171,12.207066722297364
1176,223,15.695264139052103
1177,9,12.285298005973136
1177,55,10.418434027999222
1177,122,14.016816145756948
1177,225,12.106320928397714
1178,27,12.657014563779933
1178,40,10.548875149257801
1178,95,8.627691672110684
1178,109,9.316792895825802
1178,136,13.725891763053772
1178,169,11.835411286020502
1178,176,10.633801535592672
1178,204,13.693775846987425
1178,228,9.588922830304416
F5MN,25,10.52250711097032
F7TV,21,11.07357560023226
F6TP,41,10.94902402691199
F6TP,45,10.727787140098059
F7TV,38,13.581715682481445
F4TN,29,12.706209000220898
F7TV,30,12.633532332355873
F4TN,21,9.773450095113086
F4TN,28,12.173115171461877
F4TN,45,nan
F4TN,25,12.117539477329217
F4TN,29,8.909479832732021
1110,29,8.41525077586414
1110,50,8.076040297602997
1110,58,5.070963737459202
1110,97,9.731667688418248
1110,115,16.90384117737263
1110,172,10.511599713308112
1110,175,10.379527695590822
1110,192,12.474104148718627
1110,231,15.491275072444013
1111,10,13.208525729024084
1111,108,15.28542241647253
1111,140,10.862242099674182
1111,159,11.702945754466194
1111,174,12.85084126373198
1111,215,14.414253716685856
1112,16,14.29218156279175
1112,35,14.14041626650653
1112,99,17.09794295114137
1112,160,14.861089019917028
1112,197,15.428311170040306
1112,239,7.458058897851484
1151,7,14.324548185767345
1151,71,10.51131855713287
1151,106,17.013091868129862
1151,140,12.415703063959779
1151,160,13.81080802643044
1151,177,13.962492183713993
1151,211,16.484100137023574
1151,224,12.041640990282838
1153,24,12.767844743157454
1153,52,9.078806627188534
1153,91,11.360864106227588
1153,107,11.471516991574276
1153,121,16.58885684086001
1153,181,11.268170279846121
1153,219,11.019288652767719
1154,60,5.73074397788107
1154,66,5.76385210103407
1154,76,14.901731621317902
1154,97,13.42793704885123
1154,129,17.260922966646724
1154,152,13.866972409260294
1154,162,13.333680270213701
1154,208,12.788682498035849
1154,227,11.705334594064729
F5MN,35,8.740753498715765
F6TP,35,9.894247570611208
F7TV,1,9.838429365699469
1116,30,11.485651313369946
1116,47,10.29388898266857
1116,56,9.728730435029657
1116,120,16.150048756527802
1116,188,12.912915954331126
1153,25,11.722097146545922
1153,51,11.241187864288877
1153,96,10.515883583514958
1153,102,14.697251271206085
1153,153,12.9553790677516
1153,202,16.479811012784587
F7TV,25,10.277405464910604
F4TN,35,12.796004013594057
F4TN,23,11.690739132446264
F5MN,26,8.10587436746546
F6TP,1,5.046736119478881
F6TP,6,4.918011282619633
F6TP,27,10.669855830108425
F7TV,34,9.535206362491094
F4TN,10,5.5587055871046696
F4TN,22,8.9204399937834
F3TN,35,10.288494344782892
F3TN,77,11.475254073893698
F7TV,21,10.790903046888518
F7TV,31,13.750107980052196
F4TN,26,11.934148215571101
F4TN,32,12.451669233253682
F4TN,44,10.598131282701713
F4TN,23,11.593735586152643
F3TN,46,9.473942118372758
F3TN,64,9.050055052638411
F3TN,77,10.751160558011613
