1199,31,9.874842976890271
1199,62,8.930335610768985
1199,82,10.297315174624808
1199,156,12.141173052418232
1199,197,12.22626238012121
1199,221,12.134063343050661
1200,17,13.248852993330988
1200,41,11.07417117506482
1200,79,9.94192119279547
1200,87,11.238911479687692
1200,129,11.892321961461496
1200,155,10.18768562842616
1200,178,12.042053012897586
1200,189,10.493323028309279
1200,200,11.982668634723584
1201,37,10.859131668736314
1201,65,7.154860041147108
1201,93,7.117143522654889
1201,185,nan
1202,19,8.363757640658227
1202,40,7.951928611862407
1202,85,8.316121352022387
1202,187,7.523628208958542
1133,14,13.728795472056456
1133,60,6.498168978618789
1133,80,6.209341400602447
1133,130,8.014163185377715
1133,189,8.160006471072208
1133,223,9.05134073001787
1134,104,10.554351735139845
1134,123,10.321490455595463
1134,139,5.959468849077241
1134,150,11.848394196287053
1134,170,10.035172109975196
1134,225,11.317126276087295
1174,9,8.82676015302609
1174,27,6.378537492609518
1174,43,8.384465819325447
1174,193,10.298379539191876
1174,216,7.275139656880114
1175,49,13.700795714743226
1175,73,12.946549477631034
1175,92,12.576553555333092
1175,106,12.43529360071877
1175,118,12.46566873837855
1175,225,11.502849546624788
1176,44,11.399502832356262
1176,71,9.717579422643789
1176,138,9.417023892397827
1176,186,11.746509797992669
1176,206,10.789264364628504
1177,18,11.862746772416132
1177,60,8.677458077078422
1177,68,9.938591135192285
1177,103,9.227280194200018
1177,126,10.718603823183681
1177,139,11.262957613838312
1177,160,10.982016719224873
1199,17,nan
1199,23,6.627566645141424
1199,132,10.19409418422244
1199,180,10.805183188312057
1199,201,11.017701816848067
1199,224,11.088618668202468
1161,13,6.815895613853598
1161,25,4.237453325145114
1161,46,11.152859897911416
1161,154,12.07207573392974
1161,184,12.530278566405798
1161,215,12.371762354395432
1161,238,8.735741299962534
1162,36,12.724952200350012
1162,49,13.062952815570254
1162,58,12.809690259124999
1162,153,12.892101668796577
1162,169,12.92414017522
1162,201,11.677329668461123
1162,231,10.872468363710585
CCB,18,10.839919040415422
1141,33,8.822039424091045
1141,64,9.711769177068167
1141,99,8.662283347748412
1141,117,9.90814179809272
1141,212,11.592554135049971
1142,122,9.149184525887543
1142,164,11.464322464305816
1142,184,11.232563865021865
1142,201,10.530732534028818
1143,7,11.910488631672438
1143,54,12.502017139928663
1143,89,12.557876645803605
1143,181,13.23991958067965
1143,199,13.125703424105122
1143,223,14.454665233463949
1143,240,6.216151969146157
1144,40,9.549998063560372
1144,70,10.928558652885918
1144,187,12.523774006810843
1144,219,12.4029528042111
CCB,11,13.249060511934566
CCB,13,11.545578460230065
1119,9,8.493216857757734
1119,66,11.478244511981217
1119,132,8.18273353176595
1119,176,6.942149412591646
1120,55,12.049554607962577
1120,140,13.134025627073456
1121,27,10.237411567466236
1121,33,10.455613969049619
1121,86,10.414843897808574
1121,100,5.813202143783069
1121,103,9.807456286660848
1121,139,10.811856998801954
1121,200,11.02929699805886
1121,228,11.230869808444963
1160,3,1.3547963646658723
1160,27,0.3022979073373482
1160,49,5.009515582829711
1160,84,5.189187362289149
1160,121,2.271313344088645
1160,202,10.925384983297736
1161,9,5.7976141044555956
1161,43,10.92519342185752
1161,71,11.106004206820305
1161,111,11.94901622541491
1161,216,13.098265780861034
1175,20,7.677217291557222
1175,32,7.52187223696041
1175,43,7.335981685670029
1175,74,10.672289374039497
1175,224,11.773674780295352
1176,92,10.336190456392018
1176,98,8.312976299887904
1176,157,10.009035466448308
1176,215,12.61569473485547
1177,105,9.141278924590917
1177,145,10.875155320108282
1177,154,8.746856213070233
1177,171,7.489362227228442
1177,206,7.049547036320916
1177,213,8.249595094537623
1177,222,8.695627786053592
1178,74,6.954628435286057
1178,132,10.593076609798596
1178,150,12.137937233075712
1178,218,13.446463841941599
1152,21,7.475417714899535
1152,100,7.977135587640176
1152,117,8.56070376920778
1152,135,5.482777504446657
1152,155,10.38658538032424
1152,209,8.941702813629147
1152,223,9.992060607145557
1154,47,-4.197970431618664
1154,51,-2.173132692141588
1154,101,8.767862408173915
1154,125,9.862451000905274
1154,176,10.69499155050731
1154,194,10.125100689543135
1154,199,11.361791129022054
1155,25,9.010764768271196
1155,102,9.980629051717969
1155,179,8.311044501966878
1155,245,10.1327642442075
1167,56,9.446678901847584
1167,59,8.289201776107324
1167,130,7.413345361166406
1167,192,7.035789712792077
1167,208,6.746303038208927
1167,218,9.357346388208294
1168,31,7.633160740340852
1168,48,7.070593613273597
1168,70,6.887470505485016
1168,93,10.66936219706614
1168,116,10.948343037536448
1168,128,8.829857500941495
1168,177,12.452788079043264
1168,219,13.163183812603545
1169,19,7.389334053042892
1169,52,8.807067438255878
1169,89,6.802362554129462
1169,144,9.638305064183044
1169,188,10.735994292148046
1169,221,12.164268728342444
1170,55,10.855905177818386
1170,99,11.79248458613107
1170,126,13.004463577345861
1170,148,11.781606744743192
1170,187,11.876244644184098
1182,15,7.475425695657911
1182,43,7.267097559444818
1182,69,8.605651305009692
1182,71,9.88651179142401
1182,92,10.127611968264487
1182,172,11.160539395023703
1182,188,10.627736144752557
1182,233,11.155248605144081
1182,243,7.883846489235143
1183,19,8.908831467805802
1183,50,11.267893478224561
1183,53,8.491140979840733
1183,72,11.635439008194382
1183,100,12.400449192893554
1183,135,12.18877336078124
1183,153,11.674858998576694
1183,170,11.888609231164548
1183,194,14.395962345081248
1183,221,13.741688565757366
1244,41,12.46478455778536
1244,82,13.349895418891126
1244,112,13.152908823836347
1244,114,13.185376352346294
1244,194,13.797245343740627
1244,214,13.367388016055578
1244,233,13.695087308364808
1245,53,10.28938683836418
1245,81,13.489205373913132
1245,117,13.649702847099395
1245,182,12.032407782994973
1246,5,7.314366883842826
1246,37,9.096163951930427
1246,72,11.979013352583518
1246,93,11.59996210905799
1246,152,11.422856801184068
1246,176,10.715346539373385
1246,184,3.9480014100726817
1246,223,12.135813870927215
1247,27,8.561231075050959
1247,45,12.979256866373674
1247,111,13.89674945009157
1247,149,14.695487647592307
1247,168,14.358557439268669
1247,188,14.35495820719759
1247,194,13.772923698309679
1068,42,10.293702253334649
1068,96,11.13337765044613
1068,123,9.044349027465863
1068,165,10.895996348691483
1068,188,13.226829143094491
1068,220,12.337380480690356
1069,16,12.356624191397533
1069,32,11.117745152154363
1069,71,12.9093373903067
1069,124,12.452273662272992
1069,143,12.202204607494554
1069,154,12.46306546125518
1069,194,12.486313152189187
1069,207,12.270730334227132
1069,226,11.627638776551798
1069,237,8.281298124679267
1122,74,11.982668465484132
1122,141,13.51464804190655
1122,205,14.072921864546949
1122,215,14.094490713680646
1123,46,11.73321423099932
1123,61,12.263977184123165
1123,97,11.621872880867127
1123,197,13.028353164084487
1123,215,12.990426380265525
1124,111,11.013969991121947
1124,131,11.639388457181571
1124,168,12.663367452006156
1124,175,12.392894560342535
1124,202,12.276350113296635
1124,212,11.73466533356021
1151,15,14.409130565772873
1151,101,10.938015905937377
1151,201,11.816920607422237
1152,42,8.52547288571969
1152,53,10.271367141197452
1152,100,11.21272491253115
1152,132,12.646123171408803
1152,189,13.228674762380248
1152,225,13.48229048047835
1154,51,11.756315859818763
1154,73,11.512752082904038
1154,110,12.317231705184179
1154,116,11.302454120457604
1154,134,12.309737856032314
1154,180,13.3709410140054
1154,220,14.404001099865535
1167,38,8.633404264237539
1167,67,9.246516509722639
1167,107,11.32053032058067
1167,149,11.156086012172901
1167,158,11.325797088513594
1167,176,11.35867845966459
1169,25,7.012731245875404
1169,48,7.275552480806522
1169,64,7.596958594478691
1169,121,9.239609577168054
1169,152,2.3836983589253484
1169,177,5.277974679549116
CCB,5,nan
CCB,10,6.136503708503348
CCB,16,8.330547635043326
1177,12,10.654818897660284
1177,31,10.156277310607237
1177,35,10.490367864818413
1177,104,11.301427903617663
1177,143,10.784037499794387
1177,156,10.504713734781056
1177,191,10.392630150713513
1178,18,14.341307631919786
1178,29,13.512279590921509
1178,58,12.037634923882113
1178,84,14.978614427965702
1178,156,8.104100304732412
1178,168,10.545498733017244
1178,225,10.164160594235224
1179,10,10.936997125342048
1179,54,9.303630884501757
1179,72,12.279722697864228
1179,101,8.207314642774291
1179,144,10.441278927666671
1179,193,9.9231530674164
1179,216,13.583728713453835
1180,22,nan
1180,72,13.504845267879249
1180,144,14.080490885216985
1180,161,13.342331066626532
1180,192,13.040486498612381
1180,204,10.63489036316492
1180,211,11.024987760375378
1180,217,13.90508099652827
1180,225,12.89286614541416
1174,100,11.906829260264669
1174,132,11.672620863515311
1174,166,10.88538803175403
1174,230,12.131796041847407
1175,18,7.881619373043971
1175,61,3.741260898112637
1175,106,8.588129874937602
1175,142,6.577474888053083
1175,158,6.322202689971892
1175,174,5.8108926758717105
1175,225,10.207001306949694
1176,16,11.281863566104134
1176,19,11.273631484321296
1176,46,11.330428724633009
1176,48,11.006135394142312
1176,99,11.616308872648425
1176,129,11.528584762540692
1176,178,11.520792430267957
1176,189,11.752778123496142
1176,226,11.147801299583033
1176,239,11.04375100963641
1177,42,4.2278892902396
1177,96,7.269329959707324
1177,127,6.000909501054501
1177,181,6.574835579264829
1177,239,8.191260728631686
1178,139,11.633511227155697
1178,163,11.403913820261684
1178,178,9.296627505490129
1178,195,10.854518005613095
1178,213,9.06279823066458
1152,57,9.881383343111864
1152,59,9.931213267662406
1152,80,9.609658226408017
1152,102,11.85518939607556
1152,193,9.10851829456806
1152,217,6.1790984691887925
1152,237,9.459806049202776
1153,13,2.31393376461332
1153,51,9.023322648093238
1153,131,8.348149043245987
1153,200,9.134534208196389
1154,55,11.862511721961976
1154,58,11.120744244755203
1154,91,13.581114752017227
1154,99,13.206382982594835
1154,133,12.949263697029103
1154,179,12.938463858150275
1154,213,13.461413886974116
1154,217,12.906710526666743
1155,29,11.759828057402405
1155,79,13.562415140024683
1155,158,11.622669406962682
1155,211,13.224637114194874
1169,39,6.70140169021203
1169,78,9.07897235047095
1169,114,9.899293489788054
1169,139,11.584740196966479
1169,167,10.906140641850206
1169,183,11.01363774409084
1169,210,11.714546904542019
1170,6,13.167492142555277
1170,65,12.013752369031119
1170,102,10.77875317148612
1170,165,11.108774687736464
1170,205,11.128684333206678
1171,35,10.838714341881541
1171,98,11.045628797838194
1171,150,11.731965384016538
1171,172,11.61142693442554
1171,221,11.837108759499152
1171,242,8.76040375274263
1181,76,9.796946340131207
1181,82,10.368200261140528
1181,94,12.061470813680371
1181,156,10.23380198837166
1181,169,10.515473335784211
1181,218,11.940950102926093
1182,100,11.807692182054943
1182,141,11.936470881788704
1182,159,11.235988307165334
1182,204,12.596381513516201
1182,226,12.02575777509519
1183,64,11.720378616841332
1183,80,12.611897824778652
1183,133,12.096474027060387
1183,171,12.101544920231557
1183,202,13.541679990544882
1184,37,10.363209572834993
1184,54,10.437041237518095
1184,66,11.506052623799068
1184,126,10.455713013519505
1184,160,12.377938082120227
1184,179,12.668002905630424
1184,200,11.493660771077055
1184,202,12.451718335256048
1184,218,12.861611399413253
1118,111,7.159655418840599
1118,130,9.490356471602047
1118,155,8.789716642892493
1118,198,10.374839057337113
1119,18,13.97881660247
1119,134,13.013236918986797
1119,166,13.84958880842052
1119,200,13.83570903678362
1119,247,8.276536615139609
1120,18,11.84797834753132
1120,51,13.258219639010207
1120,184,13.64164177377469
1120,190,13.698721521611358
1120,213,12.848039615464323
1123,11,6.722056351633791
1123,45,6.738741398965131
1123,115,6.815955517101733
1123,186,5.847338385863388
1123,197,7.076387359796689
1123,230,9.011099181458091
1124,17,9.660167135161768
1124,104,10.839018276335164
1124,149,8.912272284186459
1124,192,9.182661179672206
1125,9,11.586281206478137
1125,74,6.45943496952073
1125,157,6.944860123663139
1125,191,8.038273821685966
1126,39,6.708531506634955
1126,69,4.087796898579275
1126,81,nan
1126,120,6.104533578461831
1126,160,5.320490154351402
1126,191,7.816431143386087
1126,241,7.533279240790522
1168,15,4.830454231043944
1168,33,7.91093685337882
1168,39,4.131448316658005
1168,46,5.263645709574679
1168,128,6.78528186368915
1168,182,7.794941098207544
1168,202,4.922067848125446
1169,41,12.154800077358809
1169,185,12.17945016261616
1169,228,12.528034041442627
1179,31,6.0002636662324615
1179,76,12.116620410646119
1179,101,10.677684444277213
1179,202,10.569049328455677
1179,220,11.646658560699823
1180,8,11.664983662621317
1180,62,9.551750690218796
1180,87,10.827868721404013
1180,119,11.71048920767317
1180,151,12.60682163452909
1180,218,13.052761153038201
1180,239,7.422015813819387
1181,17,16.453641820361298
1181,33,16.60750195794613
1181,49,16.492014607558623
1181,112,15.87764357623949
1181,142,15.644650903444642
1181,178,14.951380558273524
1181,187,14.655864157274248
1182,13,10.497625183212042
1182,44,8.101152083391556
1182,68,6.907510609015727
1182,81,8.30680536054175
1182,87,8.343388493873277
1182,99,7.290076501876345
1182,128,8.9173072498334
1182,157,9.286567202240022
1182,185,10.443533210352903
1182,199,9.80907324631984
1182,211,12.646443963504977
1158,62,6.633754701896567
1158,101,9.458010315534661
1158,144,11.80014001069053
1158,221,11.845777708075762
1159,29,8.313524196115216
1159,53,10.748026912339231
1159,77,10.610073067060327
1159,104,10.451691682752216
1159,140,10.53133178399527
1159,193,10.868093204542568
1182,38,10.43872578826397
1182,77,8.229797685167512
1182,111,10.542032762517515
1182,135,12.003870042545717
1182,148,12.025563586466387
1182,202,13.056534516369718
1183,34,12.197406688627424
1183,44,12.768871268242943
1183,68,11.346577939701268
1183,128,11.73996218335561
1183,199,12.700683148550349
1183,212,11.677430476767094
1184,29,8.877739718017665
1184,45,10.036691884429844
1184,76,11.285363117083968
1184,81,11.869300769264388
1184,100,12.385122997046006
1184,156,14.452164676417524
1184,177,15.08277754694966
1184,185,15.400787726373618
1184,220,15.013847518055526
1101,47,14.730849106477852
1101,86,10.813340919261506
1101,119,12.219660134934998
1101,195,10.41402348565444
1101,222,10.381021322693968
1103,17,9.914633821332293
1103,61,10.018970392406706
1103,93,7.273939995744316
1103,110,9.896411536479112
1103,129,9.94961498625373
1103,173,10.051017600563807
1103,239,8.677989981942098
1104,31,12.282537799629473
1104,58,12.394467059729287
1104,120,13.071689625934093
1104,139,12.561230112682626
1104,167,13.465568167356814
1104,205,13.280280585836675
1104,226,12.28158773785629
1088,31,10.529551796768432
1088,40,10.953982106734868
1088,58,6.628574349480343
1088,86,8.802697459915155
1088,126,4.268826752761921
1088,136,2.6944697007523333
1088,225,10.168822499119782
1089,14,12.068300926659578
1089,92,10.66878365817635
1089,107,11.00413259029886
1089,126,12.765829534464403
1089,159,12.663720197033433
1089,187,13.316744416531282
1090,45,11.790110364352772
1090,124,9.769896991642884
1090,142,9.454979032381063
1090,157,10.589538331154476
1090,172,9.79644236873487
1090,213,10.102177126381974
1090,236,10.008388707592115
1155,47,13.867724083402582
1155,91,12.451842893382306
1155,116,11.347315377201463
1155,136,12.329781671337837
1155,176,13.658618500735729
1155,216,13.490372349403092
1156,64,11.438258865982984
1156,96,13.207288976161383
1156,199,11.346268489866052
1157,58,10.978648624452356
1157,69,11.49042293038234
1157,101,10.176144469231758
1157,150,10.21130206563889
1157,174,8.309818937344138
1158,14,9.735346454539828
1158,31,7.739549916840507
1158,70,9.64549084250713
1158,148,12.409742315132952
1158,199,10.587381805174317
1169,27,10.714328368020585
1169,55,8.923467655752253
1169,71,7.588694798074677
1169,108,5.445334401013234
1169,117,3.869313793944827
1169,156,10.20824654657673
1169,227,11.74042786176058
1170,9,-5.064936168238065
1170,31,7.19891740279842
1170,56,5.520668120156474
1170,99,nan
1170,125,2.2364991481894845
1170,174,8.291420024864003
1170,192,10.280040788338615
1170,204,9.452333937580564
1183,16,8.98008912639251
1183,28,7.612523933398765
1183,57,8.465915565094932
1183,79,8.260328912489154
1183,110,9.653853085110514
1183,136,8.637431451951445
1183,138,5.494079490573764
1183,209,12.338085386156017
1183,222,11.994783158988158
1184,44,15.20476873910551
1184,94,13.653430459149241
1184,109,13.880693452657269
1184,150,13.520062662330492
1184,168,14.373206113814012
1184,196,14.689645692694812
1184,211,14.561470493934056
1184,238,9.528760314744263
1185,29,10.559479023617452
1185,57,9.731428146144008
1185,69,9.642129281144125
1185,85,8.61110165848083
1185,136,12.382443166247384
1185,163,11.7733218852722
1185,178,12.983528240189017
1185,182,12.700259718271386
1185,197,12.930427485233356
1185,212,13.547871521208862
1125,29,8.83378326676793
1125,48,8.375734060395379
1125,151,8.951018947524425
1125,195,8.55054855355231
1126,5,nan
1126,16,nan
1126,52,11.619612392206706
1126,84,10.840333582157285
1126,137,8.856650653371684
1126,145,9.693009990156265
1126,153,11.370863136992766
1126,156,12.246640950072461
1126,195,12.110588482520196
1126,213,11.876431757684804
1127,46,10.051074411355534
1127,61,9.525051658258958
1127,78,8.798524490708878
1127,126,10.452882212138611
1127,136,11.59828951797573
1127,146,12.048604792486277
1127,193,12.860453954232774
1127,219,12.746182502616158
1127,227,12.628907164042793
1099,6,5.942822131733073
1099,22,5.395449273207574
1099,30,9.704297948937121
1099,106,5.764433423744892
1099,138,8.517907849762288
1099,195,11.892102837091464
1099,215,9.896792294755514
1100,17,8.631335935858736
1100,29,8.846021521700571
1100,39,7.994438859095368
1100,67,10.601071306644362
1100,125,11.036187444427766
1100,176,11.659719780670388
1101,23,9.899573428339348
1101,38,8.868072199149122
1101,45,9.609565987461615
1101,69,8.615142616039662
1101,100,10.42904761531452
1101,161,13.198110076205193
1101,194,11.558955899982841
1085,20,12.353785188139366
1085,29,13.780041427029213
1085,65,13.494758244470377
1085,99,12.422063667053829
1085,142,8.294268570142417
1085,150,9.520521861005236
1085,197,11.076737825976839
1085,222,12.158225307855837
1086,99,13.344462774561098
1086,168,10.431983408462315
1086,181,9.579284570376702
1086,190,9.90380061051117
1087,8,14.73222357201619
1087,18,14.591417867044786
1087,45,13.724281992675497
1087,104,14.099390674846878
1087,195,13.86360341277384
1088,26,11.409594260138167
1088,83,9.914621581187527
1088,92,9.414156091079052
1088,97,9.199285741961162
1088,124,9.1639593748597
1088,176,11.90026014415377
1088,200,10.863902919368165
1088,228,9.246711458937735
1088,246,3.8846142273564475
1125,57,10.315955332312504
1125,97,11.77525722827761
1125,104,11.532207910925012
1125,126,10.039502068638406
1125,133,10.413867318409121
1125,156,10.702707656416493
1125,159,11.51848464948711
1125,199,9.278572139351555
1125,229,7.779371564997069
1126,45,10.265440521232623
1126,110,8.31694185053218
1126,157,9.449602404945635
1126,171,10.550813021702925
1126,199,8.583637939148227
1126,202,9.152173310574685
1127,12,14.433999838033651
1127,38,11.302515549949685
1127,66,9.7358250943624
1127,75,10.263322247968725
1127,84,7.339284448706069
1127,99,11.028003551625659
1127,113,13.105118211523566
1127,169,12.379484216585233
1127,189,12.74851473554664
1127,211,11.602501354778225
1128,7,5.335552589039122
1128,50,nan
1128,75,9.318084167085782
1128,105,11.723197212598569
1128,123,11.766965352562535
1128,164,12.341327244936931
1128,190,12.729797410903556
1128,192,11.924921898063472
1128,223,13.131983575221131
1128,247,8.677037998934084
1148,9,11.15499418878288
1148,76,12.456832681388832
1148,83,12.765404615303462
1148,100,12.675570199898878
1148,136,12.427725166374389
1148,198,12.409390768573417
1148,225,10.737642724852325
1149,47,12.579805028852801
1149,90,13.582539259573975
1149,108,12.806526453536913
1149,118,13.22377262604997
1149,130,11.642708826824498
1149,168,12.711737695460116
1149,184,13.021268909021455
1149,238,7.970336346679363
1150,20,13.939524172446017
1150,72,7.666232695587806
1150,90,7.809033058567655
1150,108,4.467721314961505
1150,161,9.086375858984962
1150,174,5.846683326259069
1150,209,11.187000043234026
1151,27,11.751646050890333
1151,64,9.633187471349085
1151,131,10.055366057119933
1151,236,8.50311258503897
1176,32,9.88909131541319
1176,57,13.209121654917318
1176,104,12.820750054874939
1176,122,12.544605189431689
1176,209,14.090057373274782
1203,46,8.316736693618079
1203,217,10.421686007289514
1203,244,6.617909277771289
1204,61,8.246648288447357
1204,75,8.294427347628995
1204,140,8.477147595548711
1204,192,9.898306990747049
1204,213,10.609454492057788
1204,235,9.779499059703538
1205,116,9.197264790234346
1205,159,9.297425993249849
1205,186,8.91757012250583
1205,209,9.001080550420467
1206,56,12.058017902047256
1206,102,10.797386016451116
1206,167,12.075120406970019
1206,187,11.423347248648152
1206,227,12.014890185035384
1119,16,11.571379008422667
1119,27,8.244401321093287
1119,86,10.076192713831114
1119,109,8.09048351517979
1119,144,12.79499590621005
1119,192,11.083538254499796
1119,205,10.694519663736315
1120,32,11.673967859275024
1120,98,9.79053573143203
1120,134,13.835508499610956
1120,155,12.93811845563158
1120,186,13.060547683671253
1120,224,13.2972724249896
1121,16,5.940086411083827
1121,20,10.12512307147638
1121,95,12.080309244909115
1121,121,12.935078343916217
1121,168,13.095083612689224
1122,17,8.615222122622319
1122,24,8.836487744591881
1122,49,7.8909667935867756
1122,85,8.972842406277014
1122,119,12.477670614751588
1122,165,12.93565014481431
1122,190,12.747448111005504
1168,112,9.810985859682498
1168,168,9.366655441677246
1123,56,9.911263568149867
1123,87,13.791511215403078
1123,116,11.168924695392636
1123,131,11.626381286754286
1123,178,10.09002512542933
1124,22,4.449463052188475
1124,72,12.369246643094833
1124,98,6.1001202071036245
1124,185,12.82821896212945
1124,248,8.843292953794492
1126,32,12.690575269828665
1126,55,12.394995900959632
1126,58,11.830687214976578
1126,93,11.524934716092584
1126,156,12.700373984822432
1126,174,11.770927162281982
1126,200,12.21415205370635
1126,216,9.74584917772528
1126,225,9.589303228111781
1127,33,11.80509464387248
1127,96,11.658428378847407
1127,139,12.654890522920923
1127,165,12.406719725972962
1127,184,12.979703061530465
1127,223,13.014961320656626
1128,74,10.570884125659619
1128,104,11.892590406123613
1128,114,11.685119594622888
1128,134,12.669377901465266
1128,196,12.833600658362752
1128,228,12.79119693013579
1130,24,7.378169357608233
1130,61,7.169067571003481
1130,68,8.068781068847752
1130,99,12.340387647378728
1130,144,10.654028252371111
1130,219,12.140664129802225
1150,74,11.600762943807686
1150,144,11.641725828303446
1150,163,12.676107552018056
1150,197,14.39129329432209
1150,224,13.52496374277006
1151,58,10.681099440285935
1151,73,11.65649460740816
1151,141,11.961507004231922
1151,179,13.177456700160663
1151,206,11.574170730836125
1151,210,11.657060663973994
1152,66,11.178438030746651
1152,108,11.161568406377125
1152,122,11.169586052321065
1152,176,12.237244331623224
1152,215,12.670235917184838
1153,55,8.29865990862338
1153,87,4.4860738662939745
1153,97,8.68805853262877
1153,177,10.597876493603518
1153,220,11.404209137295451
1169,4,7.2839856928139906
1169,19,5.594943961888143
1169,26,8.810981260085315
1169,37,11.216295141565045
1169,41,9.575405071329707
1169,49,10.949357211435675
1169,82,11.518981212282899
1169,131,8.429065788536791
1169,144,3.7144470502996185
1169,171,8.864386132247603
1169,187,10.389586399718873
1169,220,10.77960199688392
1173,53,6.544765915282013
1173,92,7.612008637250366
1173,125,6.926006271132795
1173,181,5.748658610966544
1173,203,3.821745472038792
1174,23,8.824904213500426
1174,70,8.293424782372654
1174,150,8.36063387010425
1174,191,6.920819750261935
1174,210,6.645756889015972
1175,26,8.266021657629157
1175,66,nan
1175,101,7.417985362247248
1175,133,7.608923848160012
1175,140,8.522656516460355
1175,161,4.876929211840288
1175,176,2.6786702876457285
1175,199,5.885981504145054
1175,234,-0.09766425299110683
1176,34,6.344416440426105
1176,39,7.222289315700312
1176,66,6.147838554272735
1176,78,9.3224978997745
1176,85,10.183895528752542
1176,137,9.40870848685443
1176,153,9.311958139975692
1176,182,10.07445545535149
1184,12,7.224617609482501
1184,33,8.009705345099835
1184,79,10.970342908661257
1184,95,6.615571367707935
1184,162,10.97618426103123
1184,207,13.581157120822397
1185,163,11.823035083557299
1185,226,13.077171526026278
1163,36,10.42651867593326
1163,71,3.9744285312787566
1163,89,7.593994657843738
1163,159,13.711898719532382
1163,173,13.396708539423262
1163,200,14.06749427687658
1164,28,9.474313509742121
1164,63,7.4418879903636395
1164,73,7.9912279747261845
1164,84,8.105409508547643
1164,107,8.631485339521078
1164,157,12.755630604974197
1164,187,13.370096429558728
1164,219,13.715411879191379
1164,230,10.150840008531599
1165,8,10.53263872818218
1165,125,10.903997855257515
1165,167,10.243555441809084
1165,196,10.593605521746374
1165,205,8.676804984583757
1165,226,10.334294195589447
RND,20,8.423773736448991
CCB,11,3.0390382952617583
1208,156,-1.6824297193935696
1208,185,4.34395306789229
1208,209,nan
1208,233,8.047040389521586
1209,10,8.663934437629168
1209,24,5.209235836930716
1209,30,5.397669203386256
1209,46,4.802208843405992
1209,51,7.6574897228107375
1209,68,5.940360032692977
1209,100,9.147286249899295
1209,111,10.774987785950866
1209,151,8.40160976780519
1209,237,7.867455969571298
1112,24,9.236645821282833
1112,70,5.42521948013225
1112,140,6.7073925061173165
1112,196,7.097366701140324
1113,27,9.854849578426544
1113,63,8.063010727213205
1113,97,9.259740581769348
1113,156,10.429401287421431
1113,202,10.569056742481052
1161,2,8.413802814979343
1161,56,14.816833625200442
1161,102,8.230765058711679
1161,105,6.401559505138476
1161,149,8.549959560749645
1161,174,10.863328009711159
1161,206,10.389551846855502
1162,60,13.005506843724472
1162,119,13.65770809658894
1162,189,13.026895222766498
1163,54,11.845839287506394
1163,63,14.929984053424967
1163,80,10.567467054513717
1163,92,7.7624337682191005
1163,125,10.309950733055866
1163,165,10.282809594271507
1164,67,12.95227587694905
1164,133,12.423546444720833
1164,199,11.983318543941564
1164,224,10.381930712149327
1165,22,3.8663386470928165
1165,32,4.948523832498221
1165,37,6.906879862521041
1165,71,10.460437093592553
1165,196,2.248998011919861
1165,203,6.68998819677353
1165,212,2.653263784051645
1166,61,9.35257380100017
1166,121,2.7442735016658073
1166,129,-1.805545688124518
1166,167,4.982028291598446
1166,197,9.28595443804448
1166,248,6.962682447948333
1167,65,10.20628057369559
1167,101,8.709742993941136
1167,130,9.152371481551867
1167,170,7.1592828202515975
1167,176,8.63775952517215
1167,203,7.389776309871375
1167,211,4.861036635568361
1168,26,8.896855084248951
1168,33,7.594991285262824
1168,58,7.641248373136204
1168,71,11.720350458601121
1168,124,11.00296172132567
1168,128,10.855722689561894
1168,161,10.983477265778196
1168,169,11.819372706879253
1168,193,10.241059496547816
1169,77,13.68014124278732
1169,164,6.193127056233499
1169,187,6.675848083045702
1169,232,10.697469423630444
1160,48,13.871550816304811
1160,162,13.604800553704495
1160,224,10.904808817738425
1161,20,9.7301216753083
1161,33,11.244885224374109
1161,50,12.609434505065295
1161,80,12.183052780795553
1161,108,11.450062396339165
1161,136,11.537693143056739
1161,201,11.581348882622377
1161,222,11.752104843386743
1162,40,11.109058125641571
1162,62,11.65503570250401
1162,154,13.446290448415581
1162,184,11.13676567832714
1162,190,12.012456764604382
1162,227,10.831400054573436
1163,29,9.938629559645829
1163,63,11.099747898494597
1163,74,9.719656279648385
1163,125,9.866977593262547
1163,178,11.393448129519328
1163,205,12.066378689493913
1158,48,6.2498251590544305
1158,56,6.226679275561272
1158,95,6.793172250701001
1158,112,10.3284562665701
1158,135,10.559009537051875
1158,214,9.13526572501086
1159,43,10.4179653518046
1159,53,11.338127081797762
1159,72,10.662002345839184
1159,102,10.514006389939325
1159,150,11.198656391211244
1159,177,10.140045430956095
1159,231,9.450014367936376
1173,47,9.793149876942678
1173,51,9.052360150826305
1173,65,10.343737684916771
1173,95,10.718881132346482
1173,100,8.814564223361296
1173,119,10.304994221315646
1173,125,9.8341639646052
1173,167,11.763108026858227
1173,226,11.021056125403916
1174,9,11.221179246493087
1174,57,10.96569784066883
1174,155,10.336192624113787
1174,194,9.88357631474995
1174,209,9.356789629030146
1174,241,9.822084592735829
1175,27,13.243269008509026
1175,41,12.08067575150183
1175,95,11.583199222319205
1175,142,10.965040578488255
1175,213,11.830520749581595
1176,90,10.074095992348926
1176,128,9.671065341259746
1176,180,10.018614333882127
1176,243,7.755716314412277
1132,24,10.390130367705542
1132,34,10.829278642049044
1132,113,9.257711258050646
1132,159,3.678932757902032
1132,168,7.545446020816776
1132,241,9.687303656805561
1133,17,11.243855317258689
1133,99,10.125550637566128
1133,115,10.071313609076615
1133,164,8.323040716564552
1134,17,11.911643102542374
1134,61,10.858935075406608
1134,71,9.465429345551831
1134,88,11.263079563051651
1134,110,11.517202010972005
1134,200,10.28226025832329
1135,32,9.087571414451755
1135,37,7.361548347697859
1135,45,11.477500381245411
1135,105,12.725112644750407
1135,120,12.485531990261178
1135,127,12.025874749829624
1135,164,11.12060323687784
1174,53,12.145132194209003
1174,85,13.434808615355463
1174,95,13.073297591075368
1174,112,12.22666348788736
1174,116,11.736410645726314
1174,149,11.068694414284934
1174,175,11.315990640664493
1175,16,14.146877133442842
1175,45,10.43206679389144
1175,95,9.006762897212722
1175,165,10.31983193330085
1175,191,8.98727982503208
1175,214,7.86847671576103
1175,236,8.445015642726922
1159,22,8.448013469880802
1159,34,10.498067748523956
1159,74,11.839791347434348
1159,140,12.191709259463295
1159,179,12.945267363675132
1159,211,13.393133985879619
1160,65,13.36310516649869
1160,112,13.588497071232812
1160,205,14.374725306252902
1160,220,12.782549772859879
1161,13,13.391256822719042
1161,59,14.22963386540443
1161,94,13.696497808582663
1161,111,12.561837723047724
1161,169,13.277032243153194
1167,13,15.598198442621406
1167,34,15.381520837229775
1167,65,13.53262858876109
1167,98,12.225693954405784
1167,189,11.858864936372878
1167,203,12.200831599245728
1167,207,12.3054601197945
1169,31,11.810613775837957
1169,65,14.42733582695622
1169,103,14.20805485732608
1169,213,14.623829992002262
1169,236,8.91296116425644
1170,19,9.393003376489638
1170,42,12.749992757780122
1170,77,11.7546660521485
1170,105,13.293149854675946
1170,117,12.912078903260689
1170,122,11.918946377379696
1170,159,12.544241142046959
1170,189,14.08823095743195
1170,203,14.696227495895208
1171,10,10.907952820202016
1171,137,10.487709650012139
1171,209,11.296124192458985
1173,24,10.062540982724663
1173,33,6.859706449357685
1173,38,8.932492641638866
1173,47,8.083539735218146
1173,70,12.750008007671683
1173,94,12.40428730461042
1173,111,11.34234695884243
1173,147,11.767953945523963
1173,198,14.871830250190673
1173,219,13.833365540435167
1174,59,12.908888796078058
1174,87,12.282462366612641
1174,117,12.099122996588523
1174,125,12.439914069390692
1174,152,12.37999128691859
1174,191,14.681363734022032
1175,28,10.360563185405953
1175,65,12.181838595736039
1175,101,12.86496413915997
1175,125,13.267853436100271
1175,148,12.668969400915204
1175,198,13.544210416515172
1175,221,13.582628645349807
1175,238,9.39886699682405
1176,19,7.528297875597217
1176,32,10.35439982572189
1176,69,8.891184540502747
1176,156,14.259225092738593
1176,228,10.183603612892432
1175,8,6.719126869543674
1175,20,8.165035754097454
1175,53,14.069124340206635
1175,58,14.702436023922413
1175,73,14.277239220297023
1175,147,12.949625555407842
1175,201,14.88654432203386
1176,6,8.619316203753248
1176,26,10.857997503414163
1176,48,11.848439049365924
1176,62,12.417549538953939
1176,76,13.517843952114937
1176,120,13.277170180489877
1176,123,13.178389588638506
1176,155,15.056320290783386
1176,201,15.735183555496008
1177,32,12.691479458229919
1177,37,12.858100566954834
1177,46,12.627654831561381
1177,58,12.752074403406235
1177,80,12.696091908114857
1177,98,13.59522669993234
1177,146,13.95839492525491
1177,193,14.447003899630111
1177,224,13.837604396764995
1178,14,12.536107362872011
1178,28,11.47634379310825
1178,115,12.554526578557397
1178,150,10.20666866972717
1178,189,13.03518603796428
1178,199,11.729711510340575
1178,220,12.712373877270604
1177,55,13.999800562278752
1177,112,13.13896829405742
1177,125,13.485780118153503
1177,155,13.254562684812456
1177,192,14.658876245411252
1177,225,13.970944991074067
1178,49,12.830631657764553
1178,59,11.800912762442266
1178,94,14.23750859227043
1178,107,13.805463109639874
1178,118,14.416421528767096
1178,189,16.012071294102277
1178,222,14.608311596620531
1179,48,14.415436880675056
1179,217,15.154676726450841
1179,227,14.782529758268417
1180,22,9.644015696708317
1180,29,8.375199294030187
1180,120,13.864560185623835
1180,146,13.825220136947681
1180,169,14.424204014823825
1180,192,11.26597436402298
1180,221,14.769093022876433
1179,15,10.334200352728615
1179,46,12.390052545869496
1179,53,12.976209255594199
1179,95,12.541769852675998
1179,98,11.42110982744005
1179,153,12.877017289373637
1179,166,14.645625996769754
1179,194,15.27276728847134
1180,5,4.513437015264859
1180,67,14.510551596253293
1180,111,15.066246960288614
1180,176,15.441612330448136
1180,197,15.708025255589249
1180,226,15.106309325141785
1181,9,14.334768019827136
1181,41,14.586069840401766
1181,87,15.340902028787106
1181,102,14.56202839907549
1181,116,14.68827912707916
1181,131,14.905145903356063
1181,177,14.72559098183388
1181,200,16.18966638706587
1182,27,13.126077713890897
1182,49,11.273187166493983
1182,107,15.401158490343034
1182,117,14.372815445850444
1182,123,13.706129880393831
1182,130,13.53483883392295
1182,140,14.170800485904254
1182,174,14.479757240571587
1182,222,14.904334410475752
1182,21,8.804719399165279
1182,34,11.093606068095742
1182,68,13.239090862775582
1182,87,14.033896153986138
1182,128,14.510931828755737
1182,146,12.984484700293034
1182,179,14.384920590794492
1182,190,14.826620363878808
1182,209,13.912585645058918
1183,47,16.542139160308334
1183,63,15.390118031072129
1183,100,15.162308751398168
1183,193,14.187294767709265
1183,198,15.255448376946942
1183,222,14.598941361083389
1184,28,4.469501984596029
1184,54,10.623263050406626
1184,62,12.105265875564463
1184,92,13.172500215789412
1184,162,14.7448035004407
1184,198,14.977393533980836
1185,9,5.7183043691513
1185,72,12.992140806051678
1185,152,14.550552586349559
1185,187,15.188931237367802
1121,65,12.224589287214425
1121,117,9.715393161061952
1121,160,8.259124059207217
1121,167,9.317039298114212
1121,204,6.034424163407122
1121,224,9.990995780855533
1122,14,14.646803667389388
1122,72,12.069897727400466
1122,120,8.56496924009156
1122,146,7.069595241777633
1122,162,8.179274054461592
1122,182,10.759510837482175
1122,206,11.106545346325838
1123,20,10.628428640841188
1123,79,11.289844049546481
1123,115,-1.5549826009518766
1123,135,10.280898363962558
1123,184,10.644331472968966
1123,200,10.83595335631388
1124,23,8.241750891677743
1124,85,11.007068683934875
1124,116,10.25954343492369
1124,143,8.430776767691409
1124,145,9.72180399854778
1124,177,9.280736763577927
1124,198,13.048640337628326
1209,21,11.347761973204701
1209,36,11.442047316317236
1209,97,11.429584143642067
1209,167,10.980549177007074
1209,202,11.778437373874134
1209,217,11.07799339364831
1211,24,10.380674633683082
1211,91,11.215027918137825
1211,182,10.062617189965906
1211,222,8.277491407242053
1212,26,15.18610478529913
1212,40,14.828346887798492
1212,49,13.768427042753068
1212,98,13.984083180481699
1212,109,14.118701829280083
1212,153,13.489097417411015
1212,170,13.265711476206858
1212,190,13.479565731730448
1212,221,12.671827034355339
1212,240,9.436306032644339
1108,36,10.24043126148091
1108,72,10.334356399974016
1108,112,10.371536631005771
1108,134,10.602821292181734
1108,216,11.607876587001176
1109,9,7.9498696245893345
1109,55,8.165363749479809
1109,63,-1.5372642905369707
1109,67,7.126651811231773
1109,98,9.309268123808915
1109,128,9.053699045974952
1109,161,10.516979388370437
1109,221,11.265562730870533
1110,31,8.544122769729977
1110,53,2.796305255249546
1110,88,7.356832109485044
1110,110,9.517686820831365
1110,154,10.760321842540526
1110,199,12.24747096114017
1110,218,11.430815398658343
1110,223,12.064424770688756
1173,67,7.96064182373602
1173,124,9.76360784395355
1173,147,9.886356449731933
1173,172,10.415230872198356
1173,216,11.37699786448424
1174,61,10.96442187113636
1174,80,10.798075948858221
1174,113,12.341233761495223
1174,123,12.319335009607569
1174,163,12.282325087026608
1174,173,12.50162394376597
1174,178,12.081042054798454
1174,207,13.641679261295552
1174,224,13.954481759860226
1175,27,8.274764510746497
1175,68,10.611772930495654
1175,98,10.367904797937058
1175,110,11.26930774376171
1175,171,11.244456004149775
1175,218,13.57616508665209
1176,36,11.141959146776
1176,116,13.53435483797214
1176,165,14.231922118642427
1176,206,14.484583553644054
1174,61,12.565636509875267
1174,110,12.485128326958053
1174,150,13.086875059560217
1174,183,13.267043549134598
1174,191,13.02044284507529
1174,219,12.506916244749032
1175,72,11.528720460106726
1175,93,9.339752138902565
1175,211,14.378593325012119
1176,19,3.1287756299206917
1176,61,12.105465140400582
1176,69,11.398588659042181
1176,112,11.549761060263164
1176,177,13.868132420422308
1177,38,13.17584855494868
1177,51,8.80988967925666
1177,87,10.38063576028335
1177,98,11.70569634051686
1177,142,11.767988775185323
1177,150,9.175994209936473
1177,169,10.708568473877902
1177,192,11.12208754524207
1177,231,7.939401654031315
1178,24,12.348354734499363
1178,65,10.99465358035097
1178,91,11.284272213526684
1178,123,9.686672529295015
1178,147,10.55216889378529
1178,222,11.027137361026401
1159,41,9.991818681995397
1159,50,10.589618998452565
1159,89,12.815067251194813
1159,136,10.038395532023141
1159,187,12.162999412382804
1159,221,11.72084859525231
1159,227,10.905538438357903
1160,35,9.826774166275472
1160,49,10.785958642705467
1160,89,14.326871298765075
1160,134,12.256245805297388
1160,149,13.139511085433293
1160,188,12.455838023652072
1160,213,12.49417900198373
1161,9,16.092111969123273
1161,50,12.410459658544791
1161,91,15.665843285068728
1161,136,12.184327469860794
1161,196,13.698182056752323
1162,52,10.48844736675727
1162,70,11.082615183049748
1162,108,15.100999272281356
1162,166,12.893143520867829
1162,196,12.315487127169844
1162,229,11.768816764915538
1170,34,12.214337157198523
1170,104,12.642149164442687
1170,139,13.19076228910541
1170,170,13.064082768807479
1170,202,13.558945438620063
1171,12,9.689639161943541
1171,32,9.226888214211671
1171,46,5.359598393840757
1171,73,9.613072989959798
1171,130,8.563177127311606
1171,155,9.02286336176972
1171,198,10.766449737016027
1172,33,9.917119868443917
1172,83,10.337829536012071
1172,97,10.301699985916215
1172,157,11.387933920305478
1172,220,9.82770476059459
1173,49,6.657599654020708
1173,86,7.09012394871123
1173,154,10.84754952234216
1173,210,11.30700823663327
1174,4,13.593570488002202
1174,15,14.93611266952094
1174,32,12.920661546151544
1174,55,12.613539372377778
1174,57,13.12293757705341
1174,81,11.19299530397041
1174,90,10.24984000025158
1174,120,13.509288091471557
1174,143,11.258048387707131
1174,151,12.055949431876288
1174,215,13.109707391775556
1174,230,12.472835378573325
1175,21,13.43884000885228
1175,83,12.166873798559957
1175,107,10.553607955901922
1175,188,10.0777550128263
1175,216,10.181173261694475
1176,5,nan
1176,27,4.240864830845276
1176,45,3.3956290602737766
1176,73,10.24357598255252
1176,115,10.973479618546527
1176,144,10.623214118205834
1176,169,11.631327276699848
1176,197,8.823373871536093
1206,7,12.323831159013036
1206,31,11.493559722588474
1206,59,11.492523998181754
1206,112,11.879308030469922
1206,142,11.740959502878884
1206,151,11.547441494547643
1207,36,8.619628018560782
1207,91,12.442053595932968
1207,114,9.993323619782439
1207,175,10.122986893532829
1207,180,12.28048027347265
1120,50,9.347967181774324
1120,133,10.501955976733475
1120,156,10.929081312332968
1120,214,12.537822635316774
1121,30,9.418521835899561
1121,39,7.985536905255634
1121,75,9.676499609593552
1121,104,9.520341930805197
1121,114,10.87320197444928
1121,134,12.010824439376053
1121,191,12.168461508980892
1121,212,10.47361492547132
1122,1,8.973736783601918
1122,21,9.540378275744906
1122,64,9.6421573304193
1122,146,10.908276774658944
1122,166,11.51227944647562
1122,210,12.294189388529341
1122,230,11.697100670920339
1123,28,8.467516261506727
1123,70,10.284039609753592
1123,158,11.915724146993815
1123,177,10.980808942479657
1123,186,11.955350323901888
1123,212,12.662796775726095
1203,15,12.233982113046025
1203,62,9.484652073630421
1203,80,10.497064862721324
1203,129,9.379371734982671
1203,152,9.934936982557113
1203,193,11.708306930492661
1203,199,9.015834031640734
1203,211,10.96777488208183
1204,55,8.846542777100662
1204,108,9.043437002036786
1204,193,9.42726631418603
1205,1,nan
1205,65,-1.1563051427247923
1205,90,4.504506868573026
1205,102,6.930007848613152
1205,158,5.821881242882142
1205,207,6.771762283166676
1205,238,7.821900686498948
1206,58,nan
1206,86,7.962711714425119
1206,211,3.623298511255089
1206,216,2.133651831600954
1206,226,3.751209143997205
1206,235,3.0915984983920604
1113,21,13.914089455833894
1113,46,13.030213757782585
1113,77,11.01146473760947
1113,115,11.302248728179773
1113,140,11.026690145286652
1113,178,11.220998636284335
1114,9,11.41059668219944
1114,12,11.407810399627209
1114,84,10.310348542455836
1114,136,10.113733984264805
1114,161,11.608410508712549
1114,209,12.699999085367859
1114,224,11.433001443241304
1115,71,10.324771626215089
1115,86,8.524194264411289
1115,105,8.04767304720281
1115,112,9.233922418452105
1115,197,10.081547528956163
1115,210,10.755881994238823
1115,239,9.645258183034427
1175,31,9.822808819476856
1175,47,10.339826441440287
1175,119,10.608233601625376
1175,206,10.481756556685244
1175,222,9.392334537078847
1176,21,17.198082750267357
1176,88,12.963542096115484
1176,108,13.479411305670785
1176,125,14.698856508683157
1176,150,13.282695246021476
1176,156,12.567164600278225
1176,187,15.175431557027752
1177,106,8.829564963903334
1177,167,9.450243904463502
1177,192,10.244434682140191
1177,233,8.437899207758077
1178,17,7.378455117668807
1178,67,9.392529007707605
1178,106,8.208716816218036
1178,153,7.390746167916351
1178,205,8.830599401506388
1182,35,10.237915926976575
1182,83,11.135612199618903
1182,141,11.608752923392892
1182,155,11.911705724267785
1182,163,12.037796987613651
1182,186,12.55683043577525
1183,49,11.533706154467849
1183,99,11.178752217696324
1183,111,11.770343073551528
1183,147,11.18463862856159
1183,183,9.104950116352086
1183,197,10.790806691230122
1183,225,10.961213364678466
1183,240,7.114701398966856
1184,115,7.7332853017670935
1184,159,12.3874353561393
1184,188,12.299259566157094
1185,78,7.3006854250256445
1185,161,10.950441732160607
1185,184,11.239942148281528
1185,227,10.7192908727218
1159,19,10.141069046085885
1159,53,11.728055942616031
1159,110,11.841722866811665
1159,149,9.42371508514788
1159,214,12.5163588383953
1160,32,12.41313519671271
1160,59,13.579500678674247
1160,74,13.293050833066884
1160,86,12.764224515597174
1160,134,13.378534858298085
1160,147,10.303650934275712
1160,176,10.998785375704955
1160,191,12.71630792235282
1160,215,13.787432106253375
1172,28,9.895473815058002
1172,52,6.498218905633239
1172,99,8.68822500103761
1172,133,6.8143426043738975
1172,171,6.2033516715531745
1172,180,5.705299554832745
1172,212,6.856039205641567
1172,241,8.239377068950489
1173,38,7.720974913190188
1173,74,7.840851633041601
1173,93,9.463511151658349
1173,160,9.606843755421599
1173,227,10.094519305427045
1174,24,9.043795361015063
1174,53,9.889627807265523
1174,99,10.559327906874142
1174,164,11.1599005627791
1174,170,10.854297778151771
1175,39,10.613403582892625
1175,52,11.700902668482538
1175,55,11.694168395713323
1175,83,10.71279262305
1175,124,11.07969708797474
1175,157,11.399769005299685
1175,218,11.358968408837658
RND,10,16.68748496903291
1154,110,11.97069999091348
1154,195,11.297475662312241
1154,221,12.461435862653534
1155,98,12.886469939031105
1155,155,12.015752076604208
1155,174,14.598482959887837
1155,194,14.448494866932
1155,243,9.238042651228781
1155,247,9.62233026791404
1156,16,16.17581884541214
1156,57,11.602571630328304
1156,87,12.587527324613312
1156,115,10.671639049735822
1156,192,13.120305037133786
1157,12,16.057356548209892
1157,18,16.441525172651097
1157,33,15.780011536561162
1157,103,10.422889499812394
1157,119,11.58797262682899
1157,168,9.972484345765205
1157,181,9.714009430358413
1157,189,10.969816610245363
1157,212,9.474403921441949
1157,220,10.555605365257234
1170,20,6.43237739962405
1170,45,8.44334986528192
1170,53,10.5128480633748
1170,114,9.56420657540254
1170,159,9.579680593608535
1170,198,10.26672349334332
1171,4,5.849278608441737
1171,60,10.398773077538648
1171,157,9.070968389283568
1171,214,10.801763867110683
1172,25,nan
1172,43,nan
1172,93,nan
1172,138,nan
1172,224,nan
1173,78,7.376620664880459
1173,140,6.285750418958882
1173,185,6.149584228563221
1173,235,7.416106027732367
1119,9,8.561803136059115
1119,27,10.02644043735462
1119,56,6.4472563303207036
1119,84,7.684672582020362
1119,100,8.536496110542384
1119,192,11.218793719181079
1119,198,8.651841730688268
1119,225,8.713557544661795
1120,25,9.915687412915542
1120,63,11.651038507920982
1120,107,7.804539774637032
1120,132,11.019208752766636
1120,195,10.923039814046344
1120,211,11.249978376303469
1120,240,9.791517618083256
1121,8,11.326745724945301
1121,39,8.644551464321912
1121,52,10.104306624946325
1121,62,12.685174505247934
1121,87,11.255915209708531
1121,102,11.080567127619219
1121,121,12.706083124217798
1121,158,11.827034433561433
1121,188,10.866322206081009
1121,198,11.404115564554136
1156,19,9.735569727357522
1156,26,9.879620929997712
1156,73,12.301913173704968
1156,94,12.828585730962132
1156,107,12.114197040906795
1156,201,13.329795620909428
1156,220,12.518788008258223
1156,231,9.934018531783185
1157,31,11.593703004519664
1157,70,11.855248312525422
1157,160,13.149023848626394
1157,205,12.307577903322393
1158,42,9.91012639943126
1158,70,10.401393496482871
1158,151,12.173636546885335
1171,16,9.753908269213218
1171,50,8.436015974761009
1171,75,3.859841817428582
1171,152,9.414897945663434
1171,190,7.592656679865675
1171,204,8.60838293860278
1171,220,4.400930465923709
1171,236,5.609625204452753
1172,83,10.136651921577112
1172,95,9.096298716838938
1172,105,9.534633142016283
1172,124,9.559758206278628
1172,160,10.043513048552104
1172,163,8.063839667190797
1172,178,9.852001596668666
1172,198,9.570439110281034
1172,234,9.657090006422873
1173,7,11.249809316481741
1173,63,10.231097288887266
1173,211,13.363707582766418
1174,32,7.5281931115557565
1174,82,6.896541253524794
1174,96,5.582837628073472
1174,141,3.6758079900485656
1174,144,3.5264117683598517
1174,181,5.379699878155726
1174,224,8.22900798058231
1132,21,10.434088892234524
1132,32,11.553157622109651
1132,114,8.592564191752453
1132,143,7.652464752165597
1132,215,10.978455812213943
1133,31,12.50973719615736
1133,107,10.406546533334723
1133,121,10.410246747571414
1133,156,9.063291382037837
1133,161,7.194865321727802
1133,191,11.121068128206687
1134,19,11.212244634372778
1134,83,11.81644432649118
1134,88,11.05631048979632
1134,119,11.298532626345896
1134,139,11.776329529093331
1134,161,10.977673795319179
1134,208,11.28012171268032
1135,9,9.579993964365787
1135,50,13.04377761625818
1135,115,13.935238196890975
1135,188,12.342640278526671
1135,224,12.96395015576361
1159,100,11.929065921733418
1159,153,12.453341817525438
1159,208,12.5638595386799
1159,232,10.282699288154273
1160,31,11.012726053273173
1160,52,13.476000102610726
1160,118,10.444216391853068
1160,152,12.632102213008611
1160,194,12.96195634125857
1169,16,3.936673994776715
1169,22,nan
1169,29,3.0252190945719355
1169,32,6.726285486228648
1169,69,10.984973281284239
1169,115,7.947694395264309
1169,161,11.56754555954684
1169,174,11.44549001627784
1169,199,12.818969501016486
1170,30,10.120863705745162
1170,37,9.870626008743216
1170,42,9.415955580476474
1170,74,8.11546300101943
1170,84,9.516478108458635
1170,112,11.003539912200996
1170,197,12.599612571819375
1199,60,10.150543284293168
1199,84,9.620820431931078
1199,127,11.703307359378101
1199,213,12.21684571836307
1200,37,7.4687053864079544
1200,117,12.21392037317026
1200,121,10.909885244053033
1200,127,10.518409646366544
1200,138,11.926761009970559
1200,144,11.428627123362691
1200,180,12.594594304305014
1200,202,12.426151589701359
1200,207,12.200529265627493
1201,41,10.458545853976212
1201,102,12.403810868990451
1201,134,9.433122067658413
1201,156,12.963363315104669
1201,201,13.610444013146193
1201,226,12.944435547628363
1202,21,9.61912165105126
1202,121,9.740255042369935
1202,154,10.886999383679116
1130,24,11.952295029756721
1130,50,11.49867933509113
1130,88,12.372589110333827
1130,140,11.703659929974803
1130,161,13.111650063423987
1130,172,13.145103667100242
1130,190,13.546592230800343
1130,213,13.329536157123645
1131,20,16.982252924865378
1131,92,14.652826698654525
1131,102,13.635551941855033
1131,128,13.0385709786194
1131,137,12.04023312107288
1131,157,13.320552144006223
1131,210,13.383993975378845
1131,218,12.767142462949506
1150,3,8.96946671096332
1150,64,9.938592257511639
1150,134,10.038000890109037
1150,229,13.110303642990537
1151,16,16.067445213362422
1151,145,10.881846318649176
1151,225,11.787151015463532
1152,9,14.885680178249824
1152,17,15.758604646700903
1152,55,14.844116052089642
1152,74,13.923997067548711
1152,96,12.640920486470662
1152,151,11.65679576032758
1152,234,9.26155645519137
1167,62,9.878983184002475
1167,133,9.540197456955058
1167,161,10.10607663188716
1167,208,4.743965170665727
1180,37,11.157853938562079
1180,86,7.172411958446313
1180,154,8.009899494265719
1180,221,6.9274592226474
1181,23,11.342477737163797
1181,28,12.09987284468779
1181,160,7.676833242970067
1181,220,5.631425317814232
1181,244,6.724232153258041
1182,25,15.707125888679439
1182,38,16.048721401776028
1182,83,14.755213663304565
1182,108,13.129723846892956
1182,138,13.704725622750482
1182,167,13.726310655665268
1182,183,13.774813678609787
1182,209,14.135489491166275
1183,13,14.296314052448547
1183,24,13.496967254969181
1183,114,7.42027710083951
1183,157,8.387938364962467
1183,177,5.666070047618272
1183,184,4.711927136199052
1183,206,7.762368034318799
1183,210,6.230758953897988
1183,236,7.862936332049642
CCB,24,7.6562759452128
1120,48,11.477117202302633
1120,65,7.987320863408347
1120,130,10.385132200319036
1120,149,11.622319498606277
1120,190,12.036155816813432
1120,195,12.040514580360583
1120,231,8.205575174889955
1120,234,6.88726720283714
1120,240,8.649063948843708
1121,16,12.147440090111736
1121,60,9.92420242488707
1121,88,10.785845544977555
1121,139,12.895309300340923
1121,198,12.347248764183696
CCB,12,13.653938900011202
1199,25,9.126963332664452
1199,50,9.760398396526638
1199,57,11.421551212277027
1199,124,12.138975291981485
1199,198,12.76518159315736
1199,210,12.821768027754054
1199,231,12.262845566728032
1200,22,9.416421165393858
1200,38,11.760561551422239
1200,110,12.728315866853926
1200,127,11.401761894553793
1200,150,10.077548243302202
1200,162,9.559103018283007
1200,188,11.673364706214006
1200,223,9.299602778434114
1201,17,10.250502461124785
1201,54,8.330897090177954
1201,67,7.224359447004215
1201,110,9.072562529504857
1201,141,9.265776375763162
1201,159,9.774994087936896
1201,216,9.916136491111882
1135,19,12.91348597232101
1135,36,12.20467279022553
1135,86,13.540143016843887
1135,136,14.250082394913182
1135,159,13.197757807706612
1135,207,12.698259292703714
1135,224,12.042504759100138
1136,17,12.705032289499329
1136,27,11.769039669755074
1136,63,12.28972242511393
1136,116,12.79963772427851
1136,149,13.202046622717258
1136,176,12.9736472433653
1136,193,13.714509169026634
1136,224,14.01901518264577
1122,36,12.6179777549767
1122,90,12.147122326454681
1122,132,11.623663459622165
1122,172,4.590327407450449
1122,192,13.283484947423714
1122,215,12.73813057173431
1123,21,8.149081659280128
1123,29,12.275142160120469
1123,63,11.931137794962348
1123,120,10.618288765937889
1123,206,12.363819849006333
1123,224,12.062422006700126
1124,5,8.983785075427486
1124,29,11.924773267828602
1124,79,8.882082640836478
1124,123,9.553625606032126
1124,198,13.36080079918856
1124,221,10.925689581593659
1124,235,7.777857288573687
1125,15,13.81081218141745
1125,61,14.456605189107998
1125,75,13.553073233563733
1125,127,12.98300520503454
1125,144,12.172174947715401
1125,203,13.404471384186703
1150,14,14.254157688417514
1150,20,14.955308760786828
1150,42,14.039314920712854
1150,91,13.470435234120293
1150,129,13.443517134036671
1150,192,12.777386673176125
1150,211,12.244498950429893
1151,8,13.750770584379104
1151,73,11.031731863210727
1151,128,8.789483711115215
1151,165,8.059510848175664
1151,211,10.515829659252084
1151,239,8.067279940968342
1157,29,9.530825539413756
1157,51,10.865606167343431
1157,75,10.774023247878864
1157,86,9.38744583781144
1157,90,12.069179668697572
1157,98,11.9480565154631
1157,124,11.230361156219042
1157,139,11.258419167248888
1157,193,10.000099301364331
1157,204,10.286517920856797
1158,45,10.050144088335923
1158,170,9.660971536628702
1158,217,9.354101390821574
1158,226,8.642694243248613
1159,25,7.440691031001563
1159,61,9.979975240086954
1159,93,11.043952568082808
1159,227,9.554704276881578
1172,17,14.597717199585443
1172,42,13.384615448236266
1172,125,11.579664897907872
1172,135,11.622945624753417
1172,179,11.912889005680597
1172,238,11.498165456804843
1173,10,8.099811833619967
1173,41,5.08194310710174
1173,49,-1.8815764802205028
1173,81,10.549354357714268
1173,109,7.788393396498935
1173,162,5.385134380273725
1173,198,6.897819508692832
1173,225,10.192627226979829
1174,77,9.352977839215917
1174,100,9.826051358666342
1174,132,10.15405227396254
1174,163,9.854144033062887
1174,174,8.045823994763868
1174,219,9.51231018813645
1209,7,11.47572242715781
1209,36,14.877858080586414
1209,80,11.039887255025082
1209,117,10.053436714690411
1209,187,10.167273163911714
1209,221,10.082563058387349
1211,55,4.296943792972279
1211,67,3.9184533521986187
1211,93,4.0796613193118745
1211,144,5.193194063172073
1211,175,6.162477681905663
1212,38,9.519910669646434
1212,67,9.134649620931635
1212,122,10.234446263207085
1212,151,10.592195294844567
1212,173,9.025085863442426
1212,188,10.881819833071333
1109,4,7.370072408763767
1109,75,9.661292264900021
1109,103,8.764001740253713
1109,125,11.778466773358616
1109,157,12.120043681899748
1109,179,11.979750785963486
1109,214,10.903160595429709
1110,43,8.811837390140752
1110,52,8.087419129124553
1110,66,7.759315049993845
1110,92,7.774596508978522
1110,104,9.781493773850787
1110,117,10.277610086129938
1110,134,8.425377782080432
1110,166,9.756494739494052
1110,201,9.971526971499822
1110,224,10.009321368754096
1110,240,9.555072649140605
1111,93,7.466521923462112
1111,101,4.399150973829931
1111,111,11.797808411307411
1111,143,10.17572186501057
1111,184,10.471546990087894
1111,197,9.371090228020542
1111,204,8.726203316829725
1111,223,11.38805454946972
1151,43,6.651163003459302
1151,72,13.286256642126082
1151,113,12.618821192116606
1151,173,12.902943885522944
1151,212,14.090994764444261
1151,219,13.573874853546648
1152,27,12.459822464931067
1152,69,11.476190487331673
1152,84,12.423424010279962
1152,194,12.979689195705994
1152,210,12.400532783456145
1153,6,7.370265604231427
1153,28,5.841133796793456
1153,34,10.640103178604775
1153,50,10.803083341350417
1153,141,9.491975030706012
1153,189,8.281958566091578
1153,218,12.717432188919325
1154,27,15.333976876529045
1154,37,14.839692843385656
1154,100,10.627518972276945
1154,127,10.233364767703996
1154,170,11.243118528526319
1154,188,11.204728061337814
1154,197,11.526663086999104
1154,221,11.545559627635543
1174,66,9.162875160976764
1174,73,7.4658390417506055
1174,139,8.325734606746312
1174,190,6.608826897855966
1175,14,13.855606146299342
1175,79,4.2416670441257995
1175,85,2.7269582795568867
1175,153,nan
1175,190,2.6446151554917834
1176,166,9.357436577736255
1176,176,10.31490209941813
1176,216,10.462902511153374
1176,230,9.794029078501223
1177,24,11.2351354225204
1177,123,6.00648742888597
1177,165,9.363452698161252
1177,220,9.338164932957799
1150,31,14.000184932131209
1150,77,13.61430969124343
1150,96,12.912726429743966
1150,117,12.540609401075587
1150,166,11.816378301975462
1150,226,11.69125039065362
1151,4,5.007838303265492
1151,66,8.558591713677895
1151,127,9.267118525906621
1151,148,9.615934594818865
1151,154,9.351515770972274
1151,174,11.465906816016977
1151,228,10.939914716641507
1152,12,12.777944434807482
1152,36,13.231563965830336
1152,73,11.51579652066722
1152,79,9.248633816647011
1152,111,10.145201746065467
1152,219,12.210248258447882
1153,23,8.63330911585244
1153,73,7.466899850934961
1153,86,5.38978419772419
1153,188,10.23695913624487
1153,223,10.609976276911992
1167,12,13.979768368965095
1167,47,9.10554942203084
1167,92,11.140741466370898
1167,102,11.288737101517192
1167,125,13.005981884868575
1167,141,10.776601562315484
1167,206,10.9194067987153
1180,22,14.00757178501566
1180,67,13.793005148925452
1180,112,12.145398000868845
1180,132,11.893578232981639
1180,146,11.56554052970806
1180,186,11.26096800555013
1180,219,11.23076199748411
1180,230,11.612153385391284
1181,8,11.851538645533308
1181,66,7.524708181725449
1181,150,5.061058816010715
1181,188,6.297562823969679
1182,21,1.9695997681341104
1182,69,-3.0225791825557886
1182,79,nan
1182,99,0.06965094553353203
1182,121,-1.0541462973162825
1182,158,4.228180532218227
1182,228,9.592505106797622
1183,17,14.305237237638247
1183,45,14.000314469130224
1183,129,9.818519780161122
1183,132,10.514651590295493
1183,149,10.815802035003191
1183,170,5.708602209581311
1183,193,10.960659191967803
1183,213,7.492417531940525
1183,233,8.317199268515434
1109,13,13.266575697593733
1109,30,10.395663179129308
1109,68,9.69991517958023
1109,80,6.86359608053983
1109,125,10.406858434031488
1109,181,12.191890604696072
1109,209,10.191437186565675
1109,217,11.73035864890233
1110,22,11.209353181036661
1110,152,12.26252318235071
1110,199,13.974220500130013
1111,48,9.835849046480673
1111,87,12.963712557031585
1111,140,13.451032547445053
1111,214,12.453281661677947
1112,23,9.650593659222581
1112,40,10.859652461911221
1112,81,12.700314732129005
1112,147,12.536175370247351
1112,198,13.462647047210707
1112,247,8.43930931370019
1150,23,13.252007767668385
1150,68,9.92758943366945
1150,134,10.810583156122906
1150,197,14.397976155418446
1151,26,11.450491765637228
1151,74,12.033044493559881
1151,147,12.880934340711203
1151,169,13.94750272951799
1151,196,13.930407594240393
1151,208,14.038261859127687
1152,20,10.772932117157382
1152,47,12.501392397650516
1152,67,10.896452717381734
1152,116,10.671711751518046
1152,150,10.619603571101521
1152,197,13.267106463045463
1152,223,13.798105434890324
1153,24,11.604383872943039
1153,58,7.661700117158585
1153,71,8.81013907095665
1153,173,11.018743138393251
1153,207,13.086490679212215
1154,112,12.791569884358761
1154,144,13.062305814013959
1154,221,13.824093761701226
1168,13,11.322387258669915
1168,55,10.240150605557597
1168,79,10.154781639702051
1168,116,9.259557445296506
1168,161,7.791979826361546
1168,209,8.532347404055184
1180,10,8.633235844617978
1180,28,8.336137395167674
1180,51,9.529542742768399
1181,66,9.967656612094057
1181,85,10.896934795914925
1181,116,10.953315216540187
1181,159,10.493559416047571
1181,176,12.273276500556323
1181,193,13.505840763345066
1181,218,13.24961875734606
1182,30,11.495412747927736
1182,74,11.194886013484705
1182,112,12.631827309025102
1182,150,13.289079462229799
1182,230,12.629252382438615
1183,6,13.089247835418075
1183,89,9.279068333682723
1183,108,10.07076331457849
1183,194,12.854654786897736
1183,219,12.998453996512291
1154,10,12.356976301768395
1154,18,12.205560911949974
1154,76,10.247276946686414
1154,138,11.333048886318515
1154,150,11.414792996649467
1154,207,11.968198294190165
1155,62,8.087800304702249
1155,93,9.15677133381626
1155,128,8.231402085449604
1155,172,9.396231196098157
1156,2,0.8019935221080603
1156,29,2.7279984908011237
1156,58,nan
1156,98,5.233743408601967
1156,101,-1.2175586989049658
1156,125,nan
1156,134,3.85996512790489
1156,164,2.175365292943909
1156,190,8.099971172662537
1156,205,6.8384620708356545
1169,24,7.264978760953477
1169,37,10.032066989154199
1169,72,8.128676625865106
1169,111,11.250266214232916
1170,19,4.915153541311171
1170,47,7.26968017150249
1170,108,6.992103118768361
1170,135,7.277178716165215
1170,178,4.705407882886069
1172,13,12.998651834396588
1172,26,11.07424069276693
1172,39,10.273279233785173
1172,147,9.631907449178366
1172,169,7.715539212805911
1172,188,7.922213466845736
1173,30,10.396463833970792
1173,67,8.938064896390411
1173,121,10.814247623638147
1173,154,10.892470008492674
1173,177,10.918273069611299
1173,214,11.632855377453382
1174,48,9.737847741762888
1174,102,6.375712931660331
1174,157,7.702299282230467
1174,195,7.658601025498644
1175,53,10.787291129759243
1175,75,11.97226413936449
1175,97,12.490990836504295
1175,135,11.797478360918237
1175,180,11.267415328674202
1175,200,11.318707073183578
1201,53,10.187694325003712
1201,88,9.8048916990069
1201,141,12.47739219249633
1201,177,8.923945773076104
1201,194,10.781287397664624
1201,237,5.301844478181506
1201,242,8.81660891052748
1202,50,6.685841532382471
1202,126,8.596818722388592
1202,143,6.244286957780868
1202,174,6.73076632658281
1202,221,9.443160257705145
1203,17,9.151704440957506
1203,36,10.863124668423048
1203,51,9.785605720930615
1203,153,9.242053559046932
1203,176,8.759101696303176
1203,241,7.2334379099672885
1204,40,3.2395695445255175
1204,66,6.222996416881803
1204,121,6.2188795814152815
1204,168,7.255216415536338
1204,221,6.64326609653817
1204,236,9.582276376648043
1135,18,9.65771636547299
1135,33,12.642866318925208
1135,82,10.161875112967724
1135,113,10.240336022328657
1135,118,10.15367522065068
1135,134,10.054780775513477
1135,211,9.641588136497118
1120,21,11.887923244782272
1120,39,10.64300094255674
1120,71,10.615436346428817
1120,94,11.241836851259732
1120,105,12.79448059877732
1120,143,12.524606652120614
1120,220,12.899677292602638
1121,17,11.865864409686544
1121,38,10.768493973281405
1121,129,11.543934919223545
1121,155,12.580607102279323
1121,202,12.901928121173707
1121,226,9.935412690346583
1118,90,7.745559742489505
1118,118,7.372311144547301
1118,120,9.516747537383242
1118,189,9.631735615594144
1118,237,9.193099595147812
1119,19,16.232746378622995
1119,28,15.113891969725442
1119,68,11.761658794105639
1119,99,12.685677911911979
1119,112,10.54641809779731
1119,135,11.84579424177808
1119,140,12.409141599994156
1119,177,12.98517302106404
1119,211,12.598952849576438
1119,229,11.601056036947796
1120,16,7.578600152898175
1120,27,8.009392817434993
1120,68,11.776626822930908
1120,146,13.4829010061263
1120,171,13.345105451470175
1120,202,13.930035896535028
1120,227,12.51714525640528
1170,71,10.982558162495275
1170,100,11.027587296239767
1170,128,11.18087730460819
1170,235,9.970833045795013
1171,30,9.600249964638222
1171,99,10.54570696184254
1171,168,9.213421430892478
1172,35,10.551288713993301
1172,46,10.011543273886847
1172,101,11.600751583481514
1172,213,11.998253650558173
1173,11,15.679657396711741
1173,56,15.742925267847127
1173,70,13.959528791193264
1173,93,14.539687284732867
1173,107,14.395458060795407
1173,121,13.381215683366683
1173,162,14.322294027013296
1173,173,15.31559339681115
1173,190,15.342758061670647
1173,206,15.862902305773128
1173,223,14.710764002533299
1144,18,11.667193998179034
1144,31,11.257388851615246
1144,47,10.14196760054666
1144,75,11.73935899892777
1144,85,11.854335237585598
1144,130,10.601365326518945
1144,165,8.709180715737489
1144,192,12.22338979728417
1144,221,12.70821732305629
1144,240,8.696091782896566
1145,21,13.496580217739895
1145,48,10.696571004791018
1145,69,12.987106353657127
1145,114,11.771842715943004
1145,219,14.682003361517904
1145,221,14.453262062923004
1146,18,13.442756540198602
1146,44,9.854384685511985
1146,87,13.367951052493916
1146,184,13.50413311352157
1146,221,12.162912738314207
1151,28,12.53117595845756
1151,95,10.774248608693144
1151,124,10.566880032711543
1151,141,10.626489166283
1151,190,12.522515640537781
1152,20,10.81615474520099
1152,65,9.381487601568637
1152,120,8.629192826748964
1152,169,9.37761218019687
1152,177,8.846197714209387
1152,179,4.628738049963332
1152,202,11.2589452282797
1152,225,8.616788259109745
1152,35,11.757863031892747
1152,55,11.240308927901879
1152,82,10.685339120006086
1152,100,8.533484897325058
1152,103,8.831889130048197
1152,149,10.075834354475784
1152,197,11.86173177211205
1153,42,10.594116506635935
1153,50,11.417735647681592
1153,129,13.177899776959842
1153,158,13.2332921199884
1153,163,13.556654922736005
1153,178,14.598793192998421
1153,199,14.74839157043684
1153,212,14.560156958778787
1153,222,14.88716253783002
1153,233,11.959426753759761
1154,8,11.992570190379395
1154,48,12.24313969505614
1154,58,11.207937025929178
1154,81,13.813832954837903
1154,113,13.164681393894323
1154,128,13.511210770715218
1154,144,14.109735226697651
1154,188,13.89277037857017
1155,39,10.245621767209109
1155,57,10.72723829332703
1155,104,9.61775309249714
1155,131,9.26028221279097
1155,161,10.759254426017314
1155,185,12.668701243288677
1155,243,6.767417671676352
1173,60,6.758058725290066
1173,119,8.524857248374769
1173,151,9.50889027514627
1173,163,9.825674172200413
1173,192,9.463463791133629
1173,223,10.105507338721198
1174,1,11.45563432840595
1174,30,8.399248406252488
1174,42,9.997175830371244
1174,90,11.674155177799259
1174,121,11.417626630010478
1174,129,10.800984439669698
1174,143,10.309617606839826
1174,163,11.897003410428669
1174,200,13.056335334982004
1174,212,10.754408487355967
1174,221,11.504112564113028
1174,225,11.73757410629036
1175,34,nan
1175,164,9.932270156589029
1175,182,10.003197490160824
1175,185,9.493534925149223
1176,15,15.19868187985617
1176,32,14.280502338053529
1176,50,12.774318487190452
1176,93,11.672381897720623
1176,139,9.738787003478965
1176,197,12.151486473829285
1176,226,12.335191481084493
1117,45,9.451952866936722
1117,213,12.543499125209445
1118,38,9.678395176996696
1118,53,6.795305792662872
1118,74,10.438219663957007
1118,122,11.762825894441338
1118,133,11.186882291034859
1118,219,13.21525759508951
1119,50,9.606205785060526
1119,102,9.524406759871326
1119,130,10.045476875644843
1119,187,9.674601706897949
1119,231,8.774982038014157
1154,10,9.374249199713404
1154,44,13.463296855114548
1154,67,13.641325245645216
1154,121,13.716380347648286
1154,150,13.01445954432439
1154,222,14.305342292917123
1155,16,11.72510344456857
1155,37,12.879459870801128
1155,70,14.973314940811619
1155,105,11.90638873145907
1155,113,12.210196624239707
1155,124,12.460083595266147
1155,141,13.025951014592996
1155,174,11.23995585217713
1155,193,12.253415179659546
1156,25,11.354531214315005
1156,57,8.572599903770573
1156,126,11.143518405605624
1156,153,12.341281170332426
1156,185,10.572972465959921
1156,199,12.551500191386651
1156,216,11.717888070559397
1157,76,12.177769445437118
1157,131,11.341401983928698
1157,145,10.16483121758065
1157,155,10.160449487081822
1157,181,10.694676195507258
1171,12,6.504041170636384
1171,29,7.175473609055391
1171,82,5.062369678895051
1171,114,7.029070407902578
1171,142,7.63546523297831
1171,170,9.370688319124485
1171,228,9.736416991781846
1172,35,9.719588178010552
1172,92,10.383004401270945
1172,106,11.217844202735543
1172,225,10.535079633584168
1173,14,3.8477840874930047
1173,44,7.142682751448844
1173,58,7.53525397992576
1173,81,6.33949635889971
1173,108,6.850703905432348
1173,125,7.118582429718709
1173,143,8.72390437745487
1173,210,10.986501383986802
1173,227,10.431073911989557
1174,16,8.125044443351788
1174,75,6.518973231580939
1174,86,8.115449829005705
1174,141,10.63816518745635
1174,188,10.218253636188756
1201,15,9.405074999952403
1201,62,8.997061097954344
1201,100,7.680881640161196
1201,147,8.71273086075903
1201,217,10.615909499166314
1202,105,7.830694892118899
1202,196,9.61877143730813
1203,27,11.998311575057885
1203,46,10.905286355309041
1203,198,12.125604824355257
1204,30,10.399911200316723
1204,53,8.991838311725452
1204,60,8.643342380633197
1204,89,10.717551194500645
1204,158,10.461732635713656
1204,178,10.450744140706135
1204,191,9.960814264540181
1204,217,10.471822160829873
1125,22,13.844496876312721
1125,93,11.956381991613355
1125,115,12.421431036501914
1125,129,11.985068910509382
1125,163,12.008239472542485
1125,167,12.323024889754882
1125,201,11.127693182270031
1126,21,12.399901292021788
1126,37,11.907219797080565
1126,50,11.436551207372254
1126,86,10.076161564534365
1126,136,9.425740372424974
1126,210,11.97778142007092
1126,223,11.82547222032014
1127,22,12.569529555005833
1127,90,12.5015043000535
1127,105,12.834668303638148
1127,167,13.198681960885846
1127,212,13.741963406766667
1119,35,11.940980340156152
1119,64,10.75234570815631
1119,88,11.940500876663442
1119,99,11.264756447761382
1119,139,11.426429953190489
1119,155,11.723320406740248
1119,168,12.320286083925334
1119,187,12.732903687601556
1119,206,12.676720314905678
1119,212,12.680322562948165
1119,236,7.059106171576735
1120,22,11.467449454741207
1120,164,13.216032160944938
1120,176,13.203464811030905
1120,191,13.98330890236668
1120,217,13.750432364568407
1121,36,11.728358657209114
1121,73,9.93343221539578
1121,82,12.179280948607897
1121,119,13.417557051766607
1121,151,13.174878649730914
1121,192,13.069338813077279
1121,224,12.240507139023096
1109,17,13.06536188071956
1109,65,11.075700196866936
1109,83,10.82484482767957
1109,96,12.01818004254157
1109,129,11.938808238665537
1109,168,11.913657090486755
1109,208,12.89774881547352
1110,18,10.651164543480618
1110,51,10.018536064362147
1110,172,10.498948759731707
1110,179,10.31349985184331
1110,191,11.317267790568179
1110,198,11.706269347563612
1111,50,6.869092695773501
1111,117,10.880192986188195
1111,144,10.187548662415644
1111,194,11.151945876893707
1111,202,12.026139197877747
1111,224,11.076878649570583
1111,229,10.640993248138058
1111,242,8.698197532852605
1271,34,14.993261419059882
1271,41,15.619429610815178
1271,53,14.455668427026309
1271,66,15.065053139441588
1271,92,15.14334917502514
1271,150,13.098953034828407
1271,177,13.766761896799458
1271,207,14.060593834020603
1271,222,12.261367489350341
1272,37,4.215805665313907
1272,140,14.064086185830922
1272,194,13.696108635731266
1272,224,13.755259760681929
1273,30,10.610766972473279
1273,113,14.313229197740736
1273,155,14.610029385643452
1273,163,13.362389972643925
1273,198,14.04388805936799
1273,225,13.469551004524813
1274,73,10.332324454489497
1274,89,9.899586215793612
1274,126,13.127906768054828
1274,154,13.503403569017635
1274,213,12.643810119877747
1274,223,12.988442269541462
1261,29,10.303535980311786
1261,55,10.89886211935969
1261,102,12.36717405336667
1261,122,11.248918710497174
1261,142,11.887915858676688
1261,195,12.514044519325902
1261,204,13.137109802561008
1261,231,10.657840282526465
1262,45,10.686698208723769
1262,103,15.14420485074595
1262,206,12.502124911536853
1152,29,13.707836784484629
1152,37,12.64752726304157
1152,40,12.580631630987085
1152,67,11.870601602057762
1152,74,15.947160492627164
1152,151,11.244088500548822
1152,167,12.864405393393227
1152,199,12.371532030319177
1153,25,12.68221364942675
1153,78,13.05573499237717
1153,80,14.802363494742899
1153,130,11.47969758515825
1153,160,14.515032459066695
1153,202,12.44912097793766
1153,237,7.125289753666783
1154,72,13.30048414351637
1154,85,15.629780976507224
1154,146,13.034829046634076
1154,170,12.451674109717018
1154,214,13.738599440716833
1154,216,13.329034265962347
1155,22,12.345312865367173
1155,70,11.49800952427029
1155,89,13.591327356533231
1155,107,11.707500103541072
1155,112,12.562322860971573
1155,179,14.369221054485013
1168,24,11.427983554211567
1168,97,14.594688665251072
1168,175,11.502738744267276
1168,199,12.42057951809753
1168,227,11.293066295837196
1169,67,11.311766157680836
1169,82,12.068720123237275
1169,162,11.913357266874094
1169,188,12.670628949672638
1169,224,11.92729129423369
1180,50,10.88283406521348
1180,76,11.316383451016634
1180,101,12.384061469151451
1180,159,11.704032014132348
1180,171,12.04534269426824
1181,7,6.953674625269322
1181,52,10.58592670413136
1181,84,11.569779782657006
1181,119,12.376370705234585
1181,149,11.313093218153965
1181,163,11.414093363549567
1181,182,11.284717725339917
1181,214,12.079762284829965
1182,23,10.333586828152086
1182,32,11.1901824234651
1182,102,12.573684154069294
1182,112,12.381129871438553
1182,138,12.756577274001923
1182,177,12.131245880913827
1182,207,9.290847273434778
1182,222,11.40812830712685
1183,19,10.4435812854279
1183,37,10.088982827795014
1183,52,6.043153617239181
1183,114,10.650134694943691
1183,121,9.5479600031832
1183,153,10.84484513247524
1183,226,9.466136793716363
1156,27,12.695994815020171
1156,51,5.742287538232869
1156,93,10.946816907779837
1156,129,8.92563644744331
1156,175,11.788156763472344
1156,201,14.055342332539812
1157,41,9.650277683085235
1157,86,11.747054303974195
1157,108,12.204978874049404
1157,126,12.344427403257294
1157,137,10.910648918408512
1157,164,11.771032317160557
1157,183,12.391419437561124
1170,10,7.892760374973275
1170,56,8.18352466654094
1170,60,8.194206766336121
1170,89,8.260735971324344
1170,105,8.475706229966487
1170,126,9.016493608279198
1170,180,9.809098771077352
1170,201,10.41952569824447
1170,227,6.476958691289298
1170,234,8.788224565712943
1171,167,8.54154168980317
1171,175,10.084053565523757
1172,10,9.254507913441593
1172,18,10.598031264622843
1172,46,9.8487383537386
1172,87,9.7339932311498
1172,146,10.99732708097788
1172,213,10.168223388994083
1172,237,9.876252223359165
1191,19,11.393405727845522
1191,144,11.457809549414534
1191,178,12.46982891435147
1191,222,13.930083621471086
MCK,4,nan
1196,21,14.723683413803183
1196,74,13.611750370243268
1196,131,11.427778001772984
1196,174,12.32545983079212
1196,211,12.123297714345526
1197,25,7.878646386978508
1197,56,10.531061029957412
1197,84,12.306468125558485
1197,121,12.33147670379184
1197,151,13.905426614854356
1197,221,14.931594593832987
1130,47,11.42986818238997
1130,85,12.092708114701157
1130,149,12.576895393076974
1130,159,13.095560602455713
1130,170,12.909025620074255
1130,219,13.808245897871805
1131,4,8.355528584950454
1131,45,12.277811366412813
1131,53,13.101073106045899
1131,59,12.943062085259793
1131,64,11.869905856806861
1131,118,13.500723963825006
1131,165,14.366764143689625
1131,212,14.05593737053755
1132,39,10.187538048831662
1132,68,11.975432346169644
1132,104,13.378561873861727
1132,113,13.558113567541223
1132,163,12.822144185005701
1132,181,12.87926872820184
1132,210,13.310198952358402
1133,15,7.65254829741221
1133,76,10.016423279370057
1133,137,12.099924913426648
1133,165,13.187300937216245
1133,195,9.60561316601513
1133,223,10.973960141883747
1133,242,4.9092911674851045
1150,21,12.533657211851647
1150,97,8.868472353461165
1150,110,8.049876763464862
1150,121,7.331706606701198
1150,151,10.63651756147156
1150,201,11.9172237981478
1151,13,13.668606632811525
1151,71,12.626816116112192
1151,125,11.841955528201275
1151,166,12.110677971183563
1151,181,11.864619730293803
1151,215,13.007252125495398
1152,43,10.771362354829744
1152,58,10.393051209031125
1152,92,9.87876546483381
1152,126,11.910448112655523
1152,149,9.392848991860278
1152,167,9.862462188068713
1152,176,10.29365547204796
1152,213,11.066914591648455
1153,33,12.485653878491156
1153,62,11.447194088178827
1153,86,10.655260848194722
1153,128,11.432979289837824
1153,159,12.004809149617323
1169,38,11.301943973695515
1169,107,10.0199711809947
1169,149,12.493500525726827
1169,222,13.093892455990712
1170,39,11.324982975897786
1170,48,11.344551756118546
1170,82,9.931557922180236
1170,86,9.737746834980387
1170,92,8.703039335158136
1170,144,6.702727327817373
1170,150,4.4022963901161365
1170,152,8.148938740261878
1170,226,9.569589607435324
1152,14,10.529712864381448
1152,32,10.999858190496973
1152,46,-1.899633406402058
1152,70,7.541010045240563
1152,82,8.229642651310517
1152,104,4.886330057185374
1152,199,11.211080421265748
1152,227,7.701726585693731
1153,4,6.957775700182253
1153,48,7.393876065886518
1153,140,9.01467189626996
1153,158,8.537943840261185
1153,165,9.307161489532962
1153,189,9.556805938662874
1153,221,10.154391116705623
1154,4,6.675848121279122
1154,18,3.900909340353538
1154,63,8.702720016174668
1154,67,5.088816142876183
1154,69,5.433326541506654
1154,123,9.040844405444172
1154,183,7.22885508440695
1154,196,10.240675920069254
1155,43,9.185610673685348
1155,91,7.274597805011083
1155,147,10.141860652235145
1169,48,8.194239710960108
1169,96,9.443792600638247
1169,159,12.431389695145956
1169,232,12.172258784171293
1181,15,6.195768038710989
1181,51,10.816992238797907
1181,71,11.236356902540903
1181,149,11.105413104193826
1181,223,11.053307704812074
1182,71,6.787721547381198
1182,76,3.224602565553942
1182,104,5.425617870609045
1182,106,-6.653780039587211
1182,120,7.45500635417951
1182,165,7.969817594047254
1182,194,7.370931717566577
1182,212,7.120629969994642
1183,74,9.054202451494712
1183,106,11.284874473290769
1183,197,12.832441375756572
1183,216,11.33189351265159
1184,22,6.694918719053301
1184,86,8.793180065618419
1184,90,7.292372118579329
1184,157,10.57299383597178
1184,169,11.419579156567375
1184,174,13.162027003576968
1184,181,13.113185297271354
1184,231,12.080488728361294
1176,8,11.221356339174907
1176,31,8.913589507213707
1176,38,7.080961634299765
1176,127,14.076288422968164
1176,157,13.345757091874981
1176,179,14.300078590420986
1176,200,14.412707713997726
1176,222,14.235296770019472
1177,32,9.651575795968787
1177,54,9.95212405622892
1177,68,10.18882486697169
1177,85,9.822874249513225
1177,95,10.284958611873542
1177,171,12.786390985024605
1177,194,11.494064210237527
1178,17,nan
1178,61,12.402714558853274
1178,96,11.506998225295993
1178,161,13.192964056532237
1178,179,13.766290539918195
1178,217,11.688104101931152
1153,27,11.90181958523719
1153,38,12.634890685837696
1153,87,9.708554170655276
1153,133,12.270676225138764
1153,141,11.878114365006404
1153,199,12.807901460572316
1153,221,13.135671408459714
1154,44,12.572750240582076
1154,77,14.60832671653726
1154,109,14.29751069295049
1154,138,14.74123855807897
1154,197,14.426081889353657
1155,31,7.762543258191522
1155,49,6.717011632640651
1155,78,8.237882521168592
1155,97,8.275402814706109
1155,100,8.476582104842612
1155,105,7.968179817611155
1155,138,8.565072346458136
1155,155,10.878587301814681
1155,177,10.76967182565747
1156,24,10.887498087619543
1156,151,10.176451236231426
1156,181,10.286046195049774
1156,191,12.356230820431001
1156,201,12.152659537613362
1156,227,9.871205575850562
1172,32,9.140509260004542
1172,83,9.27635711567378
1172,97,10.437220495480037
1172,124,10.588839696409252
1172,134,9.584919645268691
1172,197,9.64457703842696
1172,223,10.10206813119982
1172,246,9.136527762613188
1173,7,11.614319418787078
1173,10,13.606400043403236
1173,49,12.028653801156848
1173,62,11.151136585590361
1173,82,13.230720423217983
1173,107,10.683802318119916
1173,131,14.194286590090899
1173,147,13.853219730612276
1173,164,13.461609742326301
1173,171,11.501052119993991
1173,188,12.344095927002803
1174,78,9.495438211499504
1174,136,9.837676458004806
1174,161,8.403887220205846
1174,175,6.782054756539767
1174,215,8.402736803212804
1174,237,8.582063398627792
1175,66,4.023836500980514
1175,99,0.7338583009663051
1175,175,5.979451244072324
1175,186,6.310301639713632
1175,190,10.040972885152943
1175,196,10.65360896747807
1175,219,8.34491851926982
1175,235,8.996009764326626
1218,22,8.863310459266735
1218,58,8.354839418256754
1218,92,7.108688683168466
1218,114,10.400615202825993
1218,135,7.265837120195852
1218,167,10.082360597586318
1218,206,8.555391795313806
1219,40,7.949613790764976
1219,87,9.641923809104664
1219,144,8.05105501328229
1220,68,10.184039263950064
1220,133,10.801530724037713
1220,174,9.953673602619368
1220,211,10.424487416790962
1220,236,8.298201574407226
1105,48,7.502758023243055
1105,77,7.78930391330074
1105,169,8.807939525068074
1105,199,7.151494720444856
1106,26,10.14540016649709
1106,49,5.587786593584391
1106,101,9.961382771574566
1106,111,9.888749584772334
1106,136,10.87038151870649
1106,158,10.090229543057415
1106,172,10.574986018020638
1106,200,11.52296261434454
1106,224,11.414120022935421
1107,47,7.735227368898839
1107,65,9.91897514343973
1107,113,9.076521535396541
1107,116,9.365878802807666
1107,185,12.719537579037848
1107,191,12.418374811709397
1107,222,12.365875952172992
1108,19,12.393848618178332
1108,76,8.460343093104152
1108,79,6.894297022782192
1108,86,10.432468409338615
1108,101,11.119196588288446
1108,128,11.940738329146566
1108,199,12.191409740068446
1108,222,10.975870404065622
1197,14,13.463124623385704
1199,99,nan
1199,144,4.355822914209295
1199,175,1.4039256624509497
1199,186,8.507588659671415
1199,204,7.1658655712464014
1200,8,12.472754524629737
1200,14,11.907042586275733
1200,38,8.607415806201558
1200,76,9.738506933016208
1200,133,10.63426776773445
1200,191,10.265560808232856
1200,207,9.790123847837673
1130,26,9.441718909262502
1130,66,nan
1130,90,5.104675301560353
1130,115,8.980084711947695
1130,194,10.476515662477283
1130,205,10.268041268702206
1131,30,9.154389919837849
1131,58,4.396205750048866
1131,93,5.318627330549992
1131,107,1.8308631038261547
1131,178,7.306440635460331
1131,183,nan
1131,204,6.973501164266333
1131,234,6.721913099062319
1132,8,11.175672105931396
1132,38,10.497586372019917
1132,65,10.3125835866263
1132,70,10.47165578487638
1132,92,8.86950607444791
1132,134,10.089743705290568
1132,164,9.880295610344493
1132,197,10.732641459395422
1133,15,13.184256251479184
1133,63,7.783734581500628
1133,70,7.025936300112539
1133,97,7.76519658986286
1133,126,7.662548019413027
1133,148,8.339503627163223
1133,189,8.803815432896434
1150,26,10.888313128253431
1150,31,11.381543793434169
1150,79,6.275121831707349
1150,89,8.56314397781695
1150,100,9.771209968786264
1150,142,11.405248587578708
1150,217,12.819572587870843
1151,23,12.224315097509056
1151,42,10.505653430505507
1151,66,11.524118279131876
1151,105,12.223888889927883
1151,168,13.3515983908734
1152,8,14.078578677829995
1152,51,13.26659640709334
1152,65,10.653336050997211
1152,98,10.129556684100393
1152,110,11.41573122331501
1152,142,10.850391451065306
1152,201,13.92693446069693
1152,223,13.684597809843641
1153,24,14.313327744676066
1153,113,13.120084319121103
1153,145,12.89913897310312
1153,151,13.258973729072267
1153,192,11.86340498713106
1153,201,13.200428369542362
1180,79,7.638131049626513
1180,151,9.593245716040858
1180,182,9.9388589386296
1181,14,10.270819007631983
1181,55,8.826544172344548
1181,105,7.960190643736629
1181,110,6.454923729533455
1181,121,8.676754188208827
1181,146,9.771713839906152
1181,194,10.167716495486637
1182,7,13.176985018710795
1182,59,10.84952215888783
1182,121,11.540429861888818
1182,153,11.414261496030145
1182,161,12.043933087090151
1182,203,12.48918020818195
1182,217,12.581681580009409
1183,5,13.76550860168635
1183,40,9.76473626258452
1183,124,6.248659667871511
1183,158,8.114482136988846
1183,162,7.006275992750543
1183,168,9.154104626685424
1183,197,10.777108976760426
1183,227,10.303869913189994
CCB,15,9.12253741591991
CCB,21,9.276306120773155
1174,6,10.310623817934484
1174,38,9.155003885679807
1174,197,8.737491733485863
1174,226,7.6763353405924875
1175,19,9.71804591517418
1175,60,10.310215162379688
1175,81,9.934703254728241
1175,113,7.84814803888981
1175,129,8.69864069177096
1175,195,9.378358743161947
1175,238,9.576953639835097
1176,24,12.090219526812424
1176,86,10.881315921151325
1176,108,10.365978185955214
1176,120,11.465514956426482
1176,172,10.558463563600238
1177,6,11.992266006243122
1177,40,8.425908187011458
1177,102,4.945957334799764
1177,127,4.585673572343625
1177,191,9.677808603959955
1177,205,8.540478272876328
1199,13,13.976900224825608
1199,72,10.411279437404804
1199,98,10.873132807346941
1199,144,12.166860175509104
1199,213,13.070721430603507
1200,39,9.685249203916102
1200,88,11.360029394520952
1200,102,10.057636505225094
1200,114,9.641195944515331
1201,7,8.743884594840246
1201,145,11.265750299946388
1201,189,9.6035504935538
1201,204,8.793737088615536
1201,212,10.226522658320029
1201,241,9.273195059835896
1126,57,11.400195647497199
1126,143,11.717292932418346
1126,181,12.65749152329082
1126,212,12.795305449396505
1127,9,10.848533046705127
1127,62,9.635177598686468
1127,134,12.171518934875786
1127,190,12.879688724982199
1127,217,11.130564353362038
1127,224,10.589196619842687
1128,39,11.674318538724108
1128,85,11.676495894604958
1128,123,13.59000125440926
1128,155,12.129933356236474
1128,178,11.72255823833712
1128,216,12.927999346701675
1174,1,1.4142818929938341
1174,56,7.491835653728051
1174,97,9.746727230451913
1174,114,6.835347108475938
1174,154,8.501219885216468
1174,184,6.346504797380189
1174,214,5.099436031764983
1175,5,-0.06035847211831598
1175,43,6.652886781884301
1176,60,10.52906887549009
1176,79,10.406604823012115
1176,148,13.00118223593506
1176,177,12.511689256221333
1176,191,12.82998202115256
1176,230,12.018892639244523
1177,28,12.596235066995261
1177,43,12.469778334012332
1177,76,8.586878826425618
1177,79,7.2096698529251935
1177,142,8.089109049374175
1152,29,12.099469669142003
1152,57,7.588254942228943
1152,79,9.928821666953503
1152,90,8.269741087034465
1152,170,12.248095609509154
1152,198,13.210461681360464
1153,53,9.743644659145245
1153,66,10.121373871032752
1153,146,12.85206457556316
1153,217,13.92225723764768
1153,228,12.747819723644827
1154,73,13.272931696839683
1154,141,14.298136532893373
1154,147,13.749557978044342
1154,157,12.478038983243966
1154,185,13.11082420464455
1154,196,13.854096017743458
1154,241,8.419440708425872
1155,13,11.020553170980843
1155,24,9.660306086884686
1155,30,9.801974378288357
1155,46,11.01116796199002
1155,71,7.18029789611853
1155,83,10.22017009426375
1155,126,11.981145818920922
1155,197,12.778033969443118
1168,26,9.539553482300594
1168,41,9.562860481469478
1168,148,8.605834916384717
1168,227,11.23625474136805
1168,246,7.460368774966978
1169,72,9.88790735135859
1169,107,9.014745107631082
1169,169,12.933752365754499
1169,210,12.32482216111325
1169,221,12.271275584564282
1170,30,11.06714605755673
1170,43,9.142576070354798
1170,63,10.059959430470464
1170,112,8.673662346821425
1170,120,6.479517849341749
1170,192,7.397652981130807
1170,249,8.705937505419705
1171,46,8.753477476087122
1171,113,8.642629157259664
1171,132,5.1472112421931815
1171,161,7.412848476731455
1171,197,5.007496339768114
1171,221,6.250393730293391
1117,33,13.31453952660733
1117,58,8.501904009962834
1117,80,8.443734903993366
1117,112,10.561622209632551
1117,173,11.542205699366557
1117,199,11.804195991251216
1117,202,11.65169355112851
1117,221,10.972059751265984
1117,223,9.431030137196979
1117,226,9.364234866021434
1118,16,9.844575085781882
1118,54,8.485019465741143
1118,65,11.791681691625865
1118,127,11.334431308851183
1118,174,12.035312949902107
1118,182,12.969758291040325
1119,12,14.012217145191595
1119,29,12.611808800507893
1119,57,12.509688510377583
1119,98,12.06260059880669
1119,139,13.472923175030292
1119,170,12.190850333793335
1119,212,13.379613453730173
1119,222,11.387472214348758
1120,12,13.741597548150171
1120,42,12.838335200046584
1120,70,10.374097742292623
1120,128,11.59243503583329
1120,160,11.513053827936734
1120,171,11.7147046715105
1120,201,12.318140238163034
1120,217,12.667411695040926
1120,226,12.654328568419604
1120,242,8.070967724034226
1167,18,15.295218609905014
1167,88,8.138568804748942
1167,150,8.606611520342557
1167,179,5.827785468398192
1167,219,6.611433686157122
1167,240,7.9974442650844955
1168,90,10.663440279197399
1168,121,11.64750562849527
1168,187,9.135338990634734
1168,215,11.166495040059392
1212,18,10.02568599677059
1212,86,11.147063484086521
1212,100,10.750850954752822
1212,145,9.993202995970826
1212,175,11.961356229657216
1212,192,11.890487690019649
1212,221,12.515431096674474
1212,226,9.884762115240356
1213,18,10.604160783335066
1213,43,7.343480008076342
1213,49,8.638155225469218
1213,59,12.63325358955234
1213,91,9.299068564007394
1213,95,10.392543929482201
1213,99,11.821019489783868
1213,118,13.977589752541455
1213,157,11.229987373128145
1213,177,13.032842228995058
1213,197,10.716923820475547
1105,33,9.669888937935992
1105,79,11.164948301010964
1105,116,11.274169741617728
1105,139,12.100815194852109
1105,223,11.302528047760156
1106,3,8.34292326980146
1106,19,10.311301476067761
1106,39,10.251203084721944
1106,107,12.795612929843621
1106,146,12.237221489972963
1106,154,13.196288638038006
1106,211,13.229272990841958
1107,38,10.769789564051846
1107,125,13.15871574263799
1107,170,12.722230210877225
1107,224,12.772697816303483
1108,17,15.356966462489524
1108,79,12.660349587851307
1108,128,12.001826457549225
1108,178,12.780580673559328
1108,225,11.54540007930903
CCB,12,11.730832901572235
MCK,20,10.911517717931194
1116,48,10.20778404963222
1116,131,11.36988295163846
1116,158,10.59855759165612
1116,218,12.061413225115189
1116,232,10.973295748576284
1151,18,15.528361168898124
1151,36,13.461677942229365
1151,98,8.726953984201227
1151,121,10.34911113776447
1151,149,9.744012821511024
1151,210,10.974637635200647
1152,89,6.586699226926039
1152,126,5.948257265571093
1152,171,6.925325678458961
1152,188,3.298676133465664
1152,209,6.81411802932054
1153,12,10.670982845545488
1153,27,9.331066071132838
1153,34,7.566437128024754
1153,77,7.140302748661722
1153,134,7.804326253307197
1153,181,7.474227573406863
1153,227,8.375722429171944
1154,32,7.4910496228917545
1154,92,nan
1154,98,nan
1154,125,-1.9778539891413716
1154,203,2.381031162088141
1171,73,9.680504636504459
1171,142,9.235513445119924
1171,174,6.985439528680395
1172,41,3.011485902848392
1172,112,4.361469442597993
1172,191,-4.6512445880336735
1172,35,nan
1172,91,7.690697962491317
1172,167,4.8295383226444955
1172,221,nan
1173,29,12.872653497955193
1173,112,11.727697822505228
1173,188,11.753622045601269
1173,219,11.245419003339855
1174,3,9.933260939786125
1174,43,9.589140678432136
1174,73,11.718298427424985
1174,114,10.293573706587209
1174,231,9.735289006613677
1174,243,-2.9731880343889
1175,3,5.80428191308652
1175,14,7.1590788618269485
1175,22,7.236954736336756
1175,41,10.89894646994557
1175,55,9.63710763580681
1175,89,11.135233778135492
1175,111,11.330783167029457
1175,128,10.806600619344184
1178,18,11.027162545888586
1178,32,10.454361885543129
1178,75,11.515474259501897
1178,101,11.550364023689815
1178,135,9.559278434538491
1178,183,10.8480018175715
1178,216,11.322298002530573
1179,7,12.776607565228833
1179,27,13.294746659016143
1179,68,14.07425149776531
1179,162,12.990303003702682
1179,229,12.877100066398008
1181,11,13.162922827513059
1181,59,12.114190380811456
1181,73,9.909257141501298
1181,113,7.037320045668787
1181,140,10.291115444178445
1181,186,11.326770165961896
1181,194,11.917022577903204
1181,211,11.769346666558636
1181,224,12.314479980131148
1117,20,12.802688123924863
1117,89,9.865020856858699
1117,143,11.998303548523834
1117,212,9.01012752367162
1118,19,8.839868359694474
1118,38,3.3415228782066104
1118,133,6.297083201601316
1118,192,10.499608902346028
1118,235,8.401308845627202
1119,17,13.774692592672732
1119,78,12.124186369625956
1119,166,11.476103765861625
1119,209,9.169808162332036
1120,14,13.922735373501355
1120,26,12.220754088366698
1120,41,11.880922592040575
1120,63,11.196960332352113
1120,123,11.207733407530167
1120,142,11.554240188595683
1120,164,11.59833774919188
1120,211,11.543655260943167
1120,232,11.218921040857548
1157,10,10.454338289862362
1157,25,8.09451840048721
1157,45,10.807536070424202
1157,104,11.190531571485549
1157,127,11.498436573286357
1157,155,11.995976728661308
1157,201,12.987948273027182
1172,73,12.096480699106246
1172,81,12.978913054241199
1172,130,12.54190170721749
1172,158,12.541117212485851
1172,167,13.48272275357786
1172,178,13.59836989021706
1172,201,13.232029871434758
1172,223,13.299028371269943
1173,5,12.849428301341291
1173,71,9.327680183788337
1173,148,7.932394761551576
1173,169,8.281018509750302
1174,12,12.551024393299581
1174,57,9.051736822597821
1174,112,11.415522052290815
1174,169,11.588349716882568
1176,2,10.051752322041143
1176,15,10.860588354950984
1176,31,12.702525634415696
1176,78,12.230927369584963
1176,124,12.552856522775588
1176,165,12.044469349039147
1176,204,11.886144686252319
1176,218,11.545855575008492
1179,17,13.809609783450448
1179,63,10.583525235637058
1179,77,10.790429540703856
1179,100,8.924042945627033
1179,110,7.858470707018625
1179,195,9.008747230655615
1179,214,9.150033951768425
1151,28,14.53571282281731
1151,91,13.01817146372999
1151,114,12.024460585604995
1151,119,11.103008641037544
1151,152,13.441954629503137
1151,224,13.688042390776252
1152,61,11.4171218846556
1152,79,11.78314376280664
1152,112,10.756313686749388
1152,176,9.882046609849333
1152,205,10.641937348721267
1153,36,9.965764416002026
1153,188,11.38594211650167
1153,209,11.07049682742359
1166,21,10.659430707081103
1166,46,11.999277687959296
1166,56,12.109183301670035
1166,76,11.972493493944052
1166,124,10.920979874806216
1166,167,11.782761836402589
1166,216,11.556003379502043
1167,42,12.076122350299382
1167,50,12.041105105666377
1167,56,12.118168937206677
1167,74,14.463814942730085
1167,106,13.550876151690993
1167,173,12.281002336746493
1168,9,13.016126429801705
1168,51,9.797333264813682
1168,86,10.518419932676773
1168,128,10.041976567084799
1168,169,9.162388361970145
1168,195,10.312311869121217
1193,11,2.2493441403671275
1193,57,6.909378856683218
1193,62,-0.7260400862876579
1193,127,9.605443177613575
1193,140,10.257354891730266
1193,204,10.952200701582179
1193,232,9.629907935229458
1194,41,10.743151003198966
1194,111,5.963167876130086
1194,167,6.932295075208338
1194,214,8.984836495863995
1194,222,10.512933185056617
1194,239,8.923911101770045
1195,27,11.092173085780475
1195,32,10.879025135820894
1195,63,9.16163625904806
1195,103,9.046989737344209
1195,128,9.300769355029951
1195,133,7.7597409364895045
1195,155,11.333342655230517
1195,214,11.46626270022547
1195,221,12.356987746737087
1196,19,11.133581195431784
1196,51,10.972545838811552
1196,139,10.361018848868074
1196,158,9.068086337922232
1196,191,8.495089087449447
1196,218,11.20975992659654
1134,112,9.39922152304911
1134,171,11.003214963842732
1135,31,11.350825051947165
1135,70,10.999824730872326
1135,111,8.327786746769481
1135,186,11.907283622250793
1135,217,10.793543632248552
1136,13,8.509443818092878
1136,61,10.009212372000782
1136,117,9.986433784506076
1136,192,11.332329222249147
1136,199,10.653833315028546
1136,227,10.593702532923038
1137,17,7.213900769766562
1137,38,9.585529331825825
1137,126,10.049514597287835
1137,145,8.146191227142607
1137,192,10.220738815115695
1137,210,12.376778242099743
1137,215,12.151982665910776
1137,229,11.216409940380565
1227,12,13.42927018385244
1227,58,10.65521162144697
1227,83,5.450595632500467
1227,121,13.18578341633126
1227,167,10.737596299765462
1227,207,11.585437348373304
1227,233,8.212447726716931
1228,26,5.710286967681153
1228,49,8.764614175288179
1228,54,9.809936207267432
1228,119,10.88714057352428
1228,147,6.326363513259203
1228,194,7.876707667268875
1228,220,6.344305673059294
1228,222,8.243336834662442
1228,225,9.312023428067858
1086,19,11.088174747019137
1086,51,10.716410647918746
1086,86,8.92624499977731
1086,109,10.11485760576577
1086,167,9.011279978092531
1086,206,8.910167713746853
1087,67,10.334186254880269
1087,77,8.162330858584708
1087,86,8.427314636974225
1087,103,8.705391259565015
1087,243,9.36054017937373
1088,25,10.491304536143101
1088,78,8.359317746765173
1088,94,8.037450276699316
1088,129,7.894215205650255
1088,224,11.666636448775698
1089,26,10.205018156339365
1089,116,12.200948480979736
1089,143,13.005791145535925
1089,182,12.69935391558292
1089,197,12.009909055536392
1089,219,12.338477710962714
1119,24,11.88594911753168
1119,59,12.166278320846287
1119,93,9.196613369197497
1119,144,8.256558516604699
1119,192,7.8399040286193316
1119,214,9.6685866714715
1120,17,12.028961837896457
1120,71,11.28291204042334
1120,102,11.95160900462865
1120,131,13.478299020653623
1120,152,13.408606075288718
1120,196,13.951929304355883
1120,227,13.95669472281843
1121,53,11.236838172624664
1121,62,11.173928762761719
1121,115,13.912303694690722
1121,157,14.599210148831801
1121,170,14.83364458818399
1121,202,14.419389888834608
1121,213,13.278803343263641
1121,247,9.21314759545482
CCB,20,12.205478149874152
