1242,48,2.2043658015866843
1242,64,7.8173670707316685
1242,97,10.369616125298894
1242,145,10.384827495631102
1242,151,10.727621782980297
1242,177,10.180750931188108
1242,235,7.234722818139608
1243,31,8.259848424844156
1243,96,6.854136225045319
1243,112,5.7346411979255185
1243,128,5.782631711506232
1243,163,7.837494256182058
1243,178,7.090448582612652
1243,190,9.040387639864242
1243,217,8.614837729052049
1243,243,8.937381578001066
1244,15,10.23207585217243
1244,32,11.242603504467144
1244,116,10.652064926180412
1244,132,9.852314306248712
1244,237,11.677243468266312
1245,38,10.398436620700098
1245,75,9.697369337720174
1245,81,10.24257420404833
1245,122,10.324656309554843
1245,142,9.677137047760796
1245,172,10.672844160575657
1145,58,1.4748684592959018
1145,61,7.873339667856936
1145,112,9.259545998854858
1145,160,9.431850909470178
1145,221,10.478333196391908
F6TP,21,11.804038905250561
1186,19,15.171785544786944
1186,27,14.972734734278763
1186,54,13.558472484211222
1186,71,15.000160147081834
1186,88,14.393662292245589
1186,107,13.709091507354552
1186,155,14.540401992334896
1186,186,14.812393025800507
1186,208,14.5146992742124
1187,23,nan
1187,34,8.517289829088591
1187,147,12.636045319161704
1187,176,11.320423881856705
1187,188,9.18941833725715
1187,208,11.868424634294453
1188,71,8.448719545483947
1188,107,8.598505483543107
1188,174,11.901666787061698
1188,214,8.22975094985968
1188,240,7.987872918284258
1189,26,6.9870913903496445
1189,43,11.258714915261695
1189,103,13.305202689789104
1189,124,13.972318966132047
1189,158,14.097127471852499
1189,189,14.527273894682196
1189,226,12.781227487995332
1137,42,11.94039071715199
1137,100,12.561803678798514
1137,130,12.196160040721463
1137,165,11.691001912271197
1137,180,12.235111844902452
1137,195,12.28044325985275
1138,19,11.709808755317116
1138,80,11.567910107735639
1138,113,13.304281714230022
1138,177,12.082150635326336
1138,208,13.435094701627825
1081,70,12.883686623763822
1081,155,13.08126703270268
1081,187,12.879798140365867
1081,202,13.493670147900641
1082,36,10.43363745021873
1082,75,13.631666252784239
1082,143,13.771568434772945
1082,149,12.052917500644465
1082,156,13.344664796695188
1082,188,11.900172518994324
1082,218,11.926699671213953
1082,223,11.349481957733706
1083,43,11.81264753544255
1083,46,11.24267067407854
1083,80,12.913023743901334
1083,119,14.086817495126368
1083,225,8.650066019956167
1125,22,8.266993939688222
1125,91,8.571101257651865
1125,123,10.874473730083524
1125,150,10.34853025554445
1125,204,10.534291282689951
1125,217,10.468665980941179
1126,49,11.55849062964873
1126,106,10.142043031342013
1126,138,10.309632440273207
1126,155,11.68207083717014
1126,195,11.830422268493358
1177,23,10.995392379937591
1177,77,10.573887954586285
1177,104,10.577539223813945
1177,167,10.419960212618651
1177,189,10.845128194563259
1177,218,10.518164705456478
1178,45,11.09902816863036
1178,64,12.098307282177815
1178,135,11.871047587902241
1178,173,10.643612274236528
1178,195,13.73623123849904
1178,224,11.7986235247981
1179,83,11.08200979458587
1179,138,11.141038435195078
1179,213,12.482558546385436
1179,220,12.432489551420291
1179,242,7.389258404945604
1185,10,10.526832241586352
1185,44,11.071845221012932
1185,62,11.866406637745241
1185,70,13.475732902671842
1185,91,13.480481860210542
1185,121,11.065462809961183
1185,143,13.841621348289397
1185,161,14.548212586176668
1185,190,14.03299434774851
1185,216,14.830638745633266
1186,35,13.778293754262645
1186,62,13.596433425413206
1186,100,13.663068345192425
1186,122,14.517183467525754
1186,142,14.064909323292596
1186,218,13.739855856022757
1187,13,8.026765465569463
1187,42,11.638762277141325
1187,102,12.81037614487593
1187,111,12.970919871083684
1187,152,11.453423608456529
1187,173,11.713539910695543
1187,194,8.857594426802388
1187,226,10.259633109170458
1155,66,11.616762787551796
1155,85,12.263803673160389
1155,100,12.595896330848891
1155,123,11.890194519301104
1155,179,13.434492128367012
1155,206,13.675933786871376
1155,213,10.8587721250267
1155,222,11.402323884450682
1156,21,15.955478027012644
1156,67,14.02976925189089
1156,91,12.39957232172208
1156,115,12.309420442692677
1156,152,12.229820353603934
1156,164,11.987286917758546
1156,191,11.776744529650733
1156,212,13.281677012517108
1156,220,12.493009279021631
1156,234,8.283357188212843
1157,70,10.173102179500455
1157,96,10.570234744235512
1157,107,8.859711991899426
1157,116,8.490053218399073
1157,153,8.875027721173897
1157,166,7.847955333797065
1157,176,7.178300287059752
1157,197,8.98698079922475
1158,21,8.260372914539223
1158,62,8.653583661311908
1158,179,12.385918047589062
1158,185,11.973163478494671
1158,198,8.892831817741286
1158,221,13.036360386775687
1170,32,10.3348747341958
1170,42,9.265972209715914
1170,102,11.267563697462705
1170,132,11.121649312029456
1170,177,11.802845769274334
1170,221,11.58926344690415
1171,30,11.69996400998624
1171,139,12.923058047425766
1171,225,13.120814003283808
1172,17,10.408220738203326
1172,33,10.53076495846902
1172,43,11.191629578698958
1172,58,10.715157816759433
1172,128,11.50988576703539
1172,231,11.810138804944497
1172,241,10.204650115523595
1173,26,8.601184580829173
1173,38,5.58024299303675
1173,107,10.595107252598124
1173,121,9.801475621251306
1173,160,10.876991003329572
1173,227,11.726777036015887
1184,17,14.577257112253585
1184,66,10.349205668675141
1184,87,8.465507343115132
1184,99,11.7624349193545
1184,180,11.028092324830931
1184,202,11.66658765012929
1185,95,7.1497652859914504
1185,98,7.3154237070729895
1185,140,7.1356990235069375
1185,158,5.00470001857866
1185,209,5.689841843405388
1203,40,7.802165953154034
1203,66,8.902234244554053
1203,108,8.564288711515289
1203,146,9.119040417619395
1203,152,9.190258126839868
1203,241,8.505529219723698
1204,13,9.55632928755492
1204,26,9.68095471772637
1204,57,8.81160580005967
1204,106,9.329225783322048
1204,134,10.245714144018315
1204,138,9.542209514942044
1204,173,10.150752543088949
1204,206,8.77001550871662
1205,23,10.121813587644093
1205,49,10.041862445288718
1205,149,10.650088180844396
1206,75,9.59358867996017
1206,179,9.59079095363392
1206,190,5.420662936669986
1206,195,7.938972149854921
1206,202,9.878002716323175
1121,8,12.051875654767226
1121,39,12.122561651874266
1121,66,12.458843681197635
1121,75,11.927829100438505
1121,95,11.75330721756203
1121,151,12.348578283476488
1121,225,12.370376646077155
1122,26,9.750620276930052
1122,45,8.922511012081351
1122,111,9.595591488663203
1122,124,8.90853813123577
1122,136,9.065876301473056
1122,138,10.918459118220218
1123,22,10.338218438066097
1123,63,9.252180040620244
1123,131,8.083657730690023
1123,163,6.476070784794054
1123,184,7.76174851216075
1123,188,7.076078527949102
1123,203,9.916829911996006
1124,76,11.359079109737946
1124,92,12.467610765846462
1124,134,10.886193103581146
1124,162,12.457383700948114
1124,195,12.592714485860801
1124,226,12.408548996551463
1118,18,7.875570446382603
1118,74,8.808956762069707
1118,112,10.646979458163555
1118,144,7.630783464750719
1118,188,10.511605358612691
1119,12,11.99643106250208
1119,53,11.45429061495989
1119,60,10.802716289995494
1119,101,12.543256185369017
1119,152,12.418622919516181
1119,199,12.414097539427086
1120,23,12.803429890149967
1120,44,10.005972694625564
1120,71,11.662139984756095
1120,109,13.029782053877277
1120,191,13.163666503677296
1120,224,12.493311492205404
1120,247,8.431395162508649
1196,23,5.638962388587185
1196,57,8.021720550056218
1196,110,9.205512460202115
1196,137,9.376489856662785
1196,166,11.666087989680003
1196,196,12.554481684589474
1156,38,7.74162063653969
1156,50,8.297794583725
1156,65,9.280040686258896
1156,139,9.649772282217155
1156,185,9.803463059215517
1156,192,9.125152105611846
1156,221,11.484658666473017
1157,17,14.815773977384158
1157,32,12.883177454561459
1157,42,12.743583357384436
1157,71,14.002645187710085
1157,148,12.132174778328666
1157,171,10.37033265896506
1157,191,10.23299950620533
1157,216,11.353858670918704
1158,42,10.199702544890437
1158,63,9.061199038500062
1158,130,10.915756573576905
1158,160,11.581887351096183
1158,199,11.34043867363121
1158,225,12.137935003149368
1159,46,10.41172864775783
1159,70,10.200905618585761
1159,97,12.025541454643879
1159,127,11.371969095303097
1159,145,11.715491728225773
1159,159,11.653935171935402
1159,190,11.31524849141034
1159,227,11.473042731518357
1173,77,12.034897890319538
1173,141,12.72052625242084
1173,189,12.532548566078187
1173,218,11.522715379400754
1174,90,10.913377878846866
1174,104,10.892981728334254
1174,181,11.956540362268038
1174,221,10.761377079535633
1175,28,9.264057075845688
1175,48,10.523722513306385
1175,88,9.935107870191487
1175,92,6.696891718108206
1175,104,8.063495146736157
1175,135,11.056605992266368
1175,217,11.055690097175429
1175,236,10.477191303476214
1175,248,8.15134821818845
1176,140,11.350288434191826
1176,150,11.824084146679043
1176,200,10.96880917268579
1176,228,11.369433673039824
1202,6,12.23130502626046
1202,41,9.43357758497255
1202,101,8.814719224855134
1202,134,7.737465819506076
1202,149,9.56747794583118
1202,212,7.696296679190566
1203,37,8.609829750326252
1203,130,8.667332838474007
1203,144,8.69106539444122
1203,163,10.30882682280805
1203,206,10.454332906849174
1204,84,7.385859319944737
1204,123,6.204651196399898
1204,158,7.652155851398516
1204,190,7.101248080479552
1204,241,9.558867187339983
1205,13,7.584420778715501
1205,28,9.414261712661265
1205,57,9.716997644725252
1205,96,9.30118621031951
1205,120,10.431316268478568
1205,133,10.73981851320535
1205,153,8.121382378682615
1205,180,9.36430251082355
1205,204,9.400168976712628
1118,1,12.226816057997759
1118,95,13.007588969384534
1118,211,12.791242996491869
1119,32,10.099422157325971
1119,54,12.38504133433609
1119,61,12.038998282578838
1119,89,11.504895845001577
1119,103,12.30574217520055
1119,116,13.25432668368103
1119,143,13.205718322376788
1119,154,13.78822784829309
1119,183,14.09370104033146
1119,195,13.10743021151842
1120,15,7.608600824886109
1120,30,8.919910035715084
1120,61,11.832113254444362
1120,127,9.380473528849631
1120,161,10.486767420522831
1120,222,10.086929227693407
1121,48,9.401828224505968
1121,68,11.222003466235662
1121,165,12.399805855753671
1121,179,9.512346995791455
1121,182,10.344003893352866
1121,202,12.289893875183942
1121,217,12.156036971745227
1194,36,nan
1194,61,9.37610092170346
1194,73,9.433514196581127
1194,91,9.64850746099221
1194,94,10.219797098479466
1194,110,10.782961908907318
1194,126,10.592201609822862
1194,190,13.390099199454458
1195,9,14.69204237474548
1195,78,12.934805003300804
1195,95,12.57331108680556
1195,153,12.995630625447298
1195,227,13.12959965105068
1119,25,6.937227903549937
1119,55,13.284888182250576
1119,147,12.865251235474384
1119,172,13.259888494015952
1119,190,14.298746863773772
1119,211,12.976613561720342
1120,11,13.795355301658837
1120,57,12.974088905868118
1120,151,14.599047845223316
1121,12,15.126027374878802
1121,67,12.618830321092497
1121,114,11.320929504291763
1121,128,12.45496458833069
1121,178,13.582386188859722
1153,17,14.122455448434902
1153,89,12.470538301134601
1153,96,12.506811839313851
1153,108,13.005782448630768
1153,143,12.729488572173421
1153,177,13.445918465352664
1153,204,13.303947617546093
1154,12,7.507212744871106
1154,31,-0.061275676074988635
1154,87,12.345610052632274
1154,116,10.082058635464524
1154,119,12.491111186878756
1154,134,13.331721057117814
1154,139,13.386038202893367
1154,178,12.98641583280618
1154,224,14.245061932686827
1155,17,10.468067462095632
1155,128,13.396744143256619
1155,201,14.445693109159743
1155,244,8.339688757173953
1156,4,-4.646609333036152
1156,54,12.35228073221878
1156,112,11.899767152274343
1156,149,12.65845246501495
1156,200,12.359124966431164
1156,241,9.05819721892992
1167,9,14.711694537759694
1167,19,14.91137407542125
1167,72,11.939828429818029
1167,85,12.210417426370967
1167,122,12.119704742143597
1167,140,12.045830684079366
1167,152,12.703534046160442
1167,161,12.65562651790583
1167,209,11.95787680897303
1167,215,12.525466472956836
1168,84,6.877667488696977
1168,185,11.519382421474207
1169,8,9.82361053583449
1169,62,12.358956678901528
1169,73,12.48772198490579
1169,104,13.631630653004748
1169,124,12.949105547479697
1169,187,12.596710080818589
1169,206,12.283953439090114
1169,228,12.49874046022359
1169,235,8.92751925111978
1181,4,9.710589769524102
1181,50,10.575379804558567
1181,83,8.573392444904
1181,126,8.828550681672265
1181,142,9.477957835233045
1181,155,11.225314242310498
1181,177,11.793365692437527
1181,186,11.180608892322098
1181,201,11.886608113633187
1181,223,12.040955957017
1182,26,11.747208626948908
1182,69,11.271262871270828
1182,97,11.690396570585657
1182,189,10.632103145839602
1182,206,6.737678279075681
1182,212,9.173850056663525
1183,28,12.334366927315125
1183,44,10.815682305166806
1183,65,10.946890559257243
1183,88,9.968518611972684
1183,178,10.490346292454614
1183,208,11.75656399045099
1183,224,12.01749282305595
1116,21,15.689740599600432
1116,29,15.70248678971798
1116,76,17.028380535197964
1116,125,15.451770541243569
1116,147,15.416360147960198
1116,204,16.0765358188473
1117,45,10.237593488689246
1117,84,11.239736811630248
1117,94,12.3764331529042
1117,141,12.001362692363017
1117,179,11.965730601603875
1118,9,nan
1118,32,nan
1118,41,nan
1118,57,nan
1118,80,11.724195706972417
1118,106,10.544069776094497
1118,124,12.906390916394859
1118,189,11.620678481965161
1119,18,5.562095220938406
1119,41,9.10634139999757
1119,106,9.32723842455131
1119,114,6.663237750024038
1119,162,13.12137729209808
1119,230,11.366393708581855
1130,29,9.404793585680485
1130,63,13.345524030143768
1130,100,10.187971304561586
1130,115,10.061817582744016
1130,181,13.242232503083208
1130,199,12.892870132410907
1130,221,13.318771889862415
1130,248,8.06268178350497
1131,64,11.807936703609121
1131,97,11.533794134868787
1131,166,13.0382432489132
1131,183,13.104517709914242
1132,19,11.59018057788244
1132,51,10.671130442289943
1132,71,11.648819155720345
1132,90,12.042347260269217
1132,99,11.85865605438131
1132,150,12.328094852009297
1132,193,11.48669701752997
1132,202,10.510648863749513
1133,67,11.90066310186857
1133,112,13.315394531366177
1133,182,13.328132845222438
1151,32,9.912972500207127
1151,44,9.906397459703596
1151,62,12.715567816548203
1151,90,13.740132336766067
1151,157,13.996321783320763
1151,224,13.101966842813761
1152,23,10.654372881471396
1152,48,11.684618815915716
1152,114,9.347471370197848
1152,134,9.798491859735009
1152,161,10.15614861268445
1152,208,10.9857674786929
1152,224,9.391173093937121
1176,33,11.30124343529202
1176,64,11.691552275441577
1176,84,11.632791754531633
1176,115,11.695712637161058
1176,139,10.108291683809368
1176,169,11.870345750103606
1176,198,12.02519131096276
1177,10,14.138447116249399
1177,12,14.423511548005571
1177,28,15.163340494797641
1177,35,15.72834057699323
1177,50,15.196448208629107
1177,55,15.812617748958335
1177,69,15.660146715093155
1177,89,15.104037790351608
1177,119,15.275812323182269
1177,157,13.592964072082136
1177,194,12.522359383851786
1177,207,13.546369160165959
1178,49,9.086262345816294
1178,87,10.221556620647016
1178,115,11.217222679373522
1178,195,11.666170056866555
1178,209,10.045309102317788
1178,227,9.981856533055106
1178,241,9.237256747456941
1178,246,8.122987921093284
1179,22,11.1139814807118
1179,32,9.934572300277688
1179,66,5.274814987776533
1179,98,5.912844120525954
1179,133,9.080282416624174
1179,141,9.220197037526818
1179,178,9.449996846033002
1179,205,4.717822021551246
1179,212,7.037482155549321
1176,63,9.706627320930627
1176,80,9.393879242541113
1176,114,9.299449033125095
1176,128,9.513760277220273
1176,142,11.081549299655116
1176,154,11.569485456145195
1176,197,13.048089583042039
1176,231,12.938212054910146
1177,20,9.898657474510195
1177,82,9.461003279274461
1177,91,7.67888373726604
1177,141,9.9156791532608
1177,167,9.287693215386266
1177,173,7.100980006321286
1177,196,8.960855409903226
1177,210,7.180681920252975
1177,237,7.689438977466577
1178,16,4.5768901330999725
1178,36,6.884884400950561
1178,80,8.61157558062336
1178,97,8.110288283302056
1178,116,10.507713682449818
1178,196,12.102178527584053
1178,219,11.256916908826769
1179,31,8.670657874560625
1179,49,7.631929761179066
1179,89,8.8728651720916
1179,133,9.38161934720404
1179,169,10.738347288575492
1179,224,11.043194387287238
1179,237,9.611491659133927
1153,61,11.188423316677628
1153,101,11.43498027340712
1153,163,10.665807624125556
1153,200,11.21223287192349
1153,226,11.165542218011836
1154,12,10.518146590744823
1154,44,12.73641053278463
1154,88,13.375467379208615
1154,103,13.127339014765521
1154,140,12.763934244009718
1154,142,12.202133567761429
1154,177,13.204997948178061
1154,209,14.501378427313863
1154,226,14.53101944428261
1167,10,12.6936332974334
1167,102,9.154449212314143
1167,119,5.905492552833929
1167,137,10.989769665141358
1167,149,11.856115689183753
1167,161,12.5828428137252
1167,225,13.21054842232834
1167,234,9.350086427741491
1168,29,8.698841470125984
1168,47,9.461056188397363
1168,74,11.359275782950442
1168,128,12.827210039462567
1168,165,12.62833753889401
1168,195,12.781947081934726
1168,214,13.567419209843205
1169,55,12.245619330264612
1169,78,12.044112527651581
1169,152,12.80455944360214
1169,167,13.382149693177766
1169,199,13.562028179349092
1169,214,14.341879726925445
1169,232,13.404534241493913
1170,40,10.576767647745179
1170,57,10.662058989321949
1170,59,11.227710517696918
1170,86,11.213170110945413
1170,106,10.909938664855645
1170,148,11.445253530562429
1170,161,10.311775053887635
1170,197,12.12120603944981
1170,209,11.275969995432913
1170,215,7.983934700420413
1170,219,10.83493988799604
1203,23,8.657504699183205
1203,154,8.859416748532423
1203,172,7.292362901471831
1203,211,8.523325807557464
1203,222,8.310346161828512
1118,100,9.952941836568767
1118,104,8.468576658487029
1118,158,8.533767465498174
1118,187,8.837855226499734
1118,198,10.855614621575349
1118,234,7.737678136236228
1118,242,8.963198795627823
1119,28,12.135355752265697
1119,86,12.51648596246188
1119,109,11.472892044201997
1119,164,13.054419313889163
1119,177,11.796307004352267
1119,192,13.429439751841786
1119,208,12.941265432770246
1120,52,10.908368426747831
1120,75,9.882586067868488
1120,125,12.55087845161854
1120,144,13.312577745687468
1120,159,13.176666155061831
1120,222,13.406838445929088
1121,11,10.898022630416314
1121,139,12.16816460534978
1121,175,13.151526138942184
1121,201,13.381431346638497
1175,38,7.799648910380215
1175,57,4.8501783728466386
1175,67,nan
1175,95,7.179752066966227
1175,107,5.773670127244311
1175,146,8.339034020326848
1175,182,11.406280658046434
1175,210,10.968680956675971
1175,225,11.658045674848847
1176,25,10.102925855463482
1176,47,8.102293832410814
1176,123,4.910035904966001
1176,125,4.594006173584644
1176,140,6.3896339556487805
1176,183,6.555253309482571
1176,218,11.133156832648828
1177,26,8.535716805415909
1177,38,7.581272750047374
1177,158,11.740092776514249
1177,161,10.758029564835605
1177,175,11.322283203632043
1177,214,10.193855126547874
1211,107,10.978625870217671
1211,136,9.332335152249492
1211,195,12.420945680828531
1212,42,9.897879417635302
1212,47,10.011393890553295
1212,77,11.452406048532369
1212,99,12.887439473860912
1212,188,11.724631199593333
1212,232,11.884726545219115
1213,16,13.450055175252073
1213,89,10.051795709553804
1213,105,10.26416549252671
1213,190,9.705085524238342
1111,77,9.51474224490625
1111,138,10.27421771138366
1111,224,10.370259843621879
1112,22,10.990287118865258
1112,39,8.700644491735357
1112,58,9.03935765808923
1112,82,10.15119375039411
1112,88,9.23938282742834
1112,132,9.836714630807716
1112,157,8.298889678480428
1112,162,10.076401177628739
1112,189,11.481810264078167
1112,202,11.64448548605247
1113,28,10.655314576887058
1113,44,10.804716862206064
1113,72,11.450141292061758
1113,109,10.373135452705032
1113,117,12.95814325346593
1113,152,13.17800100236273
1113,221,11.12370541031358
1113,241,5.640147826247398
1150,6,8.512918563338758
1150,13,9.983426506685598
1150,30,6.734198069553825
1150,41,4.93573597611053
1150,58,7.599001269087715
1150,84,7.463700145336654
1150,105,8.737892939131493
1150,152,10.138712434612742
1150,198,11.989773902835129
1151,20,13.009370716904542
1151,25,13.497449055229163
1151,70,11.792737687937795
1151,77,12.209176936069738
1151,195,12.801418737814057
1151,212,11.595342123472863
1151,226,8.859629714907458
1152,8,11.343082519144996
1152,61,9.567314745303962
1152,83,9.585062375532695
1152,98,10.59151956667103
1152,116,10.770192396235592
1152,162,12.421897303117959
1152,184,11.904987985380082
1152,217,10.584118457265678
1153,24,12.031920793389999
1153,67,11.37672898725093
1153,110,12.145117458505606
1153,134,12.832031963850365
1153,184,11.917427371527857
1153,200,11.711521512618477
1177,70,10.28290070486644
1177,103,10.448723760569846
1177,165,10.633629890668805
1177,226,10.973076508384443
1178,14,9.153602432896129
1178,39,10.387225582615976
1178,60,8.288212270098892
1178,179,10.705367797984678
1178,189,10.570398818205156
1178,197,12.216423888144135
1178,214,11.949308178454823
1179,26,11.891838179381025
1179,45,10.418090626642641
1179,89,10.38449452858837
1179,215,11.101319142083131
1179,221,11.808144940440279
1180,25,16.30596948270332
1180,124,13.471235286463115
1180,181,13.948291167368405
1180,211,13.856724118020496
1213,32,15.666791447072693
1213,38,13.321324680188436
1213,43,14.582184459549701
1213,75,12.97395309765253
1213,129,12.814454564888539
1213,173,12.123033374643576
1213,214,13.56649821777227
1214,28,9.41448170875285
1214,61,10.824625428331114
1214,97,11.772837902555445
1214,114,10.688815234921327
1214,142,11.751709745079783
1214,201,11.30977135288061
1109,24,12.5305984081889
1109,31,6.157937962033792
1109,51,5.630474915871318
1109,59,6.133054585885695
1109,87,5.488754841161479
1109,119,6.589271186550931
1109,172,11.89671088786314
1109,208,12.683733923231738
1110,74,13.25890985490961
1110,101,12.957128260661406
1110,214,13.795629342396705
1111,27,7.789462088449723
1111,92,8.501686860023291
1111,110,6.372144746248509
1111,122,9.030857513741593
1111,208,12.346998397640776
1120,5,9.609723797975748
1120,87,12.29002600734066
1120,138,13.61565333380939
1120,181,12.971817297158681
1120,187,12.69748880731494
1120,198,10.939729022854866
1120,227,13.541168676399254
1121,34,10.319611983956056
1121,56,9.393433982686075
1121,67,10.083083869924401
1121,126,12.475128227648113
1121,193,12.35909266781466
1121,218,12.614618203374263
1121,242,8.927478178236806
1122,7,8.79594980688098
1122,43,9.975347937928273
1122,105,12.15991970714381
1122,146,12.764268040974487
1122,171,11.15532919500938
1122,194,12.339046969902235
1123,29,9.997801541058793
1123,70,12.231805427035136
1123,160,6.105851737208754
1123,218,9.388638733707072
1079,17,6.90837339314807
1079,37,12.703138133684334
1079,55,12.238232174186368
1079,92,14.31034300506476
1079,129,13.44870362969717
1079,142,13.061702052267538
1079,147,13.135313405867437
1079,166,12.51548199330896
1079,223,13.605079776467235
1080,20,9.583722211950992
1080,89,14.36211125318217
1080,124,14.800132493871665
1080,197,13.487761669377939
1081,33,11.24315009777961
1081,44,11.038175164149397
1081,92,11.825870765795067
1081,117,11.731261388657073
1081,156,11.580110145550936
1081,179,11.610089608535185
1081,196,11.674149959533215
1159,15,10.977012408758227
1159,27,11.709657314199744
1159,45,11.004218958761115
1159,100,13.37174228978461
1159,122,12.476010223571537
1159,153,11.797590617873228
1159,194,12.206153531588084
1159,212,13.316984029229804
1159,223,11.979980270185555
1160,23,2.419121804738244
1160,29,7.049661253185895
1160,41,12.700776253040589
1160,83,12.063557548613403
1160,146,12.858799564850276
1160,159,13.171483494874694
1160,201,12.818539721906301
1161,45,12.99844911961858
1161,64,12.156897072126613
1161,123,12.932450264217925
1161,163,11.718703475394662
1161,186,12.764675871594331
1161,198,13.381703754818894
1161,205,12.698976291412556
1161,222,11.52900912913614
1162,74,12.194435817196824
1162,132,12.747052506617578
1162,151,13.684127971198041
1162,196,13.250945592427527
1162,213,14.019305961758093
1109,77,12.563052136358369
1109,100,10.916642281015296
1109,127,12.83022738270709
1109,171,13.018851685793615
1109,191,12.529719923906233
1109,200,11.703228383977917
1109,221,11.029058416587707
1109,240,5.580737402151284
1109,243,6.371033629964133
1110,49,10.668951913226415
1110,133,12.682312941019461
1110,167,13.0792011812871
1110,202,12.705002902122436
1110,225,11.66096429237725
1111,114,11.981174645216052
1111,147,11.146366622151184
1111,194,13.632430743713066
1111,197,13.23591146263346
1229,39,9.542048597178082
1229,97,8.352262937939818
1229,124,7.179068011876463
1229,143,7.036434021314209
1229,173,8.800998681075063
1229,187,4.318030508700693
1229,204,7.995082358452585
1229,214,7.050320655400714
1230,54,11.048066559774641
1230,89,12.72163620998315
1230,103,12.461427083466116
1230,124,12.773067494124778
1230,185,13.253125750562766
1231,44,9.650078989728394
1231,98,10.331667551723449
1231,193,11.241973962246803
1231,208,11.012421849174249
1231,240,7.970597380536163
1232,6,7.111489679997797
1232,34,10.207457342624611
1232,122,10.328824462951928
1232,139,11.948363570787727
1232,172,12.110001204768182
1232,198,11.776759928401276
1232,205,11.827775872112113
1081,22,9.828518578872494
1081,71,11.20998978822132
1081,145,9.411135932695618
1081,201,7.039751204851296
1081,222,9.690290310331974
1081,229,8.270610497812168
1081,245,7.583706913081736
1082,36,10.401786295787721
1082,45,9.894401982006771
1082,57,8.047152910472942
1082,63,9.811546982789018
1082,74,9.829808681820303
1082,86,8.618241808006298
1082,129,8.547054408055592
1082,137,7.956163283889098
1082,158,8.443111091131609
1082,179,5.041173131707655
1082,181,9.128757806911523
1083,22,12.147989226640615
1083,57,11.869166701442362
1083,72,9.409183474968861
1083,85,10.81420812041338
1083,171,10.545876723256312
1083,202,6.554531025594089
1083,209,7.696618360302362
1084,6,12.363613124263082
1084,36,12.690607669689724
1084,66,12.423692492630902
1084,85,12.518480083288107
1084,154,13.84554194274886
1084,233,9.714319620262701
1158,38,9.964102375343892
1158,148,11.228458752763332
1158,150,11.011025538629738
1158,165,11.351768885228088
1158,200,11.754981676059511
1158,208,11.018585450382774
1158,219,11.13450002128118
1158,239,8.48274020480905
1159,37,8.856941850246365
1159,88,11.144890437768105
1159,157,13.168209483281991
1172,76,11.942979236810835
1172,114,11.734738306940605
1172,152,13.339598058863732
1172,171,10.334536331688593
1172,211,9.385982803414723
1172,228,11.28276842187429
1173,27,9.66741723852209
1173,46,10.46375831797212
1173,72,11.541074485880017
1173,109,10.807964314308084
1173,194,11.329585090295273
1173,209,10.239539121438714
1173,223,10.629630001132139
1174,25,8.330220247030333
1174,55,5.951440172037998
1174,173,3.5740113698702998
1174,189,4.767105402482184
1175,41,10.771296566591149
1175,60,10.078606036365548
1175,89,11.354242223397106
1175,114,11.86662492443261
1175,197,11.655240561029174
1176,22,14.553867340636994
1176,145,13.02770186409421
1176,184,12.433985224521704
1176,210,12.173587277184923
1177,49,12.859114171135875
1177,89,13.062351712400652
1177,140,12.207147762924977
1177,153,12.354950175871352
1177,175,12.110197612706756
1177,185,12.572569189870269
1177,222,12.658442554890971
1178,26,13.608043724005096
1178,97,10.681405606347678
1178,99,11.220990525069718
1178,156,11.910392349784809
1178,168,12.780014728748448
1178,196,12.864570696681675
1179,2,9.970127388854355
1179,66,9.287411438950825
1179,133,9.54316670104873
1179,159,8.636420636704385
1179,170,11.55139945238716
1179,208,9.819198451744688
1122,23,16.491239737301985
1122,98,14.474485223236876
1122,147,12.117975470852667
1122,181,12.281157677268242
1122,224,12.111548332090676
1122,235,6.816699548826507
1123,53,9.23315742085846
1123,59,8.366517552767611
1123,106,12.430013673871033
1123,130,10.857296605235767
1123,160,14.370469249859333
1123,213,11.491699533032689
1124,1,7.745103740093602
1124,6,9.407747666546353
1124,45,10.845985581307412
1124,63,9.364926909868387
1124,90,9.485004712496776
1124,145,10.503463164426798
1124,194,11.425839970186516
1124,211,12.19235904934628
1124,228,10.78530953250296
RND,4,8.336872569684973
1170,6,9.54312829168572
1170,17,9.847092822046871
1170,69,9.535649584722819
1170,139,10.72110572959053
1170,153,10.146539470845713
1170,188,10.08365455037766
1171,62,8.806628450532592
1171,107,9.64197800381534
1171,127,8.736249002861278
1171,148,9.929915454223163
1171,161,8.0857523733814
1171,167,9.816233204135747
1171,215,6.10764714688265
1171,236,7.997094302732743
1203,84,10.88234526665397
1203,165,11.25543317022907
1204,40,7.013666865975644
1204,61,8.315762495392914
1204,118,9.78270792455274
1204,190,8.422283241099501
1205,121,7.965691340234862
1205,136,7.079124366869345
1205,229,8.825264881830222
1115,63,10.551554563505762
1115,65,11.063144794615084
1115,98,11.499780079255185
1115,104,11.163692654704988
1115,177,11.658577883969475
1115,223,11.547577903887568
1116,21,9.677883037666797
1116,50,10.651441841885536
1116,84,10.12687219338094
1116,119,10.926970599979786
1116,200,10.595749260958154
1116,224,10.183679202808733
1117,40,8.527904256319008
1117,54,7.982498887305414
1117,78,7.727820757116525
1117,104,6.588559296556744
1117,126,8.862355408279424
1117,158,7.0298827399594
1117,190,4.666079311824434
1117,238,9.152381021783862
1230,72,9.345713887821386
1230,79,13.21260409371553
1230,92,11.411087266292657
1230,150,10.568475408209103
1230,189,10.863100713321263
1230,229,12.403509604579419
1231,15,13.8453074002423
1231,33,12.452650800471666
1231,51,11.432862203363346
1231,84,12.157190433400674
1231,114,12.591964203209551
1231,133,12.656631373096234
1231,190,12.786719985649476
1231,216,11.553092191779466
1232,53,8.321766419274555
1232,62,9.38399618557948
1232,78,9.848002565427594
1232,118,12.295830293853065
1232,153,12.292286592733866
1232,162,12.518304094710517
1232,172,12.867370679685346
1232,200,14.136109161998952
1232,238,10.255400825927307
1233,22,9.017126508771454
1233,64,8.47500483009549
1233,81,10.70982057238944
1233,92,11.289730381844498
1233,119,12.359321899641245
1233,139,12.527030185020582
1233,159,12.357236574190068
1233,195,11.734897150246352
1233,216,9.494248099887317
1233,226,10.229011563494673
1293,21,15.225112829486696
1293,34,14.550284428738196
1293,53,14.9251116063887
1293,126,15.226288484685835
1293,141,13.763460544370032
1293,158,14.493765668884848
1293,189,13.742688647910963
1293,198,14.552537666632281
1293,220,14.942603109178659
1294,37,7.859960440440281
1294,57,6.366196830277891
1294,78,10.110325028501922
1294,105,9.024011247730927
1294,148,12.942841858760762
1294,173,10.445699194469103
1294,193,12.327432024433966
1294,202,13.094367263502143
1294,218,12.0004564833068
1294,246,7.532824111005484
1295,22,7.607642139140195
1295,42,8.318363742977219
1295,94,11.049025667923171
1295,105,9.902620591941263
1295,115,11.418168565107965
1295,185,12.11686236018078
1295,207,12.637137859812434
1296,61,10.65699087341314
1296,85,11.815626467572539
1296,120,12.105609066979445
1296,163,12.855898175049047
1296,196,11.770025506655521
1209,68,8.035665807323202
1209,80,-5.630066502978554
1209,148,7.649900576738804
1209,154,7.713993753942848
1209,202,8.511729249724864
1211,81,11.183131911015266
1211,160,9.53045796949471
1211,173,9.867411429133826
1211,201,11.066665294276458
1211,229,10.559655162558537
1211,247,8.981211252913186
1170,19,8.554584110175982
1170,61,7.478572064680713
1170,74,5.728988320269216
1170,90,7.003856307818465
1170,125,5.792427312691675
1170,196,10.59374850093164
1170,233,8.10147573965255
1171,69,10.361387490344338
1171,99,7.471771540023911
1171,111,10.168221147737134
1171,137,10.845838374200476
1171,187,11.010981982617952
1171,198,11.921466829038048
1172,9,7.096191556228217
1172,82,8.484351674965714
1172,181,7.460309948408939
1173,32,8.60704944569326
1173,49,8.815604481553816
1173,66,8.923809332176596
1173,82,10.020733667732298
1173,125,10.535675737639947
1173,148,9.992306953977117
1173,162,10.399227978478551
1173,185,10.919544050289772
1173,206,10.277324663852262
1183,12,6.265086069778375
1183,25,5.698312634118587
1183,33,7.6250355250832005
1183,59,8.53415280602472
1183,100,7.695944955993525
1183,157,10.015350315879077
1183,235,9.243874510839609
1184,20,7.426115321368809
1184,54,6.731279913429029
1184,75,8.74448307756352
1184,107,10.975551724032655
1184,183,11.417791323981827
1184,213,10.271507075163235
1185,16,9.129726610807401
1185,31,9.156307899356385
1185,117,8.943627832432021
1185,163,10.483182903470889
1185,207,10.516972804648688
1047,19,6.022123157037403
1047,35,6.6083604470717745
1047,100,10.411171907755016
1047,111,10.14272180836218
1047,157,9.711308835486523
1047,187,10.966549356249242
1048,16,9.5135991893747
1048,68,8.81176237786465
1048,148,9.906275801482806
1048,183,8.710744792967285
1049,37,10.751981962525864
1049,100,10.086740687812616
1049,159,7.528786168758756
1049,171,6.698119497020318
1049,192,7.4926270656750935
1049,204,6.90907674040079
1050,35,8.818236979207278
1050,82,8.311593297266825
1050,131,10.797643876917203
1050,157,9.296580894994154
1035,63,8.238185068747057
1035,77,7.844425156238362
1035,94,11.582002205388513
1035,100,8.142219166737485
1035,123,8.145543604858819
1035,130,7.752091798843008
1035,141,7.295121229434929
1035,171,10.336325144908102
1035,227,7.896893101894621
1035,248,9.52374229808743
1036,17,8.617904286281743
1036,44,10.195284490134712
1036,67,11.803355279066254
1036,88,11.538083576282448
1036,114,12.961722050648719
1036,166,12.002005210515263
1036,191,12.351546224167326
1036,212,9.6379466511389
1158,94,10.299285869096266
1158,99,11.213987160958132
1158,109,11.795168188672989
1158,170,12.55494824580911
1158,201,11.907481109167806
1158,218,10.804401875225235
1159,25,9.140749135670683
1159,47,8.242126939650216
1159,89,12.722838681684934
1159,135,11.94850155698167
1159,140,11.889070017506889
1159,160,12.041193371735474
1159,173,11.122122129311647
1159,183,8.755918304385272
1159,201,11.668582173012652
1159,215,9.993351275370113
1160,28,10.877722521281266
1160,44,12.315727672907538
1160,110,13.366043374287917
1160,140,11.880842860533525
1160,164,11.787986464408657
1160,213,12.347166546169442
1174,65,6.712920239323308
1174,134,8.370242919631382
1174,194,9.616154776453012
1174,215,7.646377163017015
1175,72,5.497961674251034
1175,78,8.227259411931993
1175,106,8.279426325151771
1175,133,8.96990145300164
1175,149,7.930409954823686
1175,198,1.5826418976474983
1176,57,8.64183840413062
1176,65,5.511721138597565
1176,92,6.455512439929132
1176,103,6.9335258553206724
1176,129,6.983771234148529
1176,151,8.035601530360179
1176,179,9.179070495123975
1177,12,7.847152395215982
1177,34,5.190368217156801
1177,51,2.7787910509167064
1177,116,8.734689281554115
1177,133,5.192929506817539
1177,137,4.8423516541933385
1177,163,7.83597840583023
1176,34,5.327113173956937
1176,52,6.27812415136952
1176,71,2.0066895313926985
1176,95,3.968271224643492
1176,188,1.0388201499904002
1177,1,5.943428410245701
1177,4,9.193226859469995
1177,20,10.734698013863074
1177,47,11.100083742685737
1177,55,11.052653046857221
1177,61,11.384610429730234
1177,156,11.653077929546372
1177,171,11.857989901596785
1177,219,11.6302848403486
1178,14,7.422362394167134
1178,32,8.683504025252835
1178,141,6.878261670793906
1178,168,8.198067636368704
1178,172,1.2133496406671032
1178,180,7.117894645866841
1178,188,8.796163032340052
1178,215,8.103595984558334
1178,236,7.802521846383681
1146,15,12.655034809665915
1146,30,8.34540880199548
1146,44,8.593301341256726
1146,81,9.509571308003922
1146,100,10.829658284158882
1146,135,11.773562688885185
1146,144,8.406174327811552
1146,162,12.376017626269388
1147,54,11.117461359741927
1147,81,11.26684162414135
1147,98,10.197692843046212
1147,109,11.154252870956523
1147,149,11.046431315914889
1147,162,12.252933683403395
1147,191,11.801254880815154
1147,194,11.627508498510348
1147,226,11.844015327483312
1148,55,12.77483264212414
1148,82,15.104341032561138
1148,137,12.857988252071173
1148,164,13.269542696381585
1148,205,12.368753662028059
1148,219,10.861553246865494
1148,238,7.6698594602827175
1149,55,12.349406117479113
1149,83,14.81956133479795
1149,111,13.634469588784777
1149,124,13.244905281358372
1149,138,13.842737240396927
1149,166,13.599065805317688
1149,180,10.768872564063132
1149,194,10.521586940635913
1149,207,10.774006837761137
1135,16,9.088943825652581
1135,23,7.020155621109392
1135,29,7.410971311939798
1135,74,9.012385774479712
1135,98,11.147265327198923
1135,151,10.939548797923596
1135,201,9.219060111275976
1136,50,9.242745544249749
1136,105,9.376519953834128
1136,120,9.982755887489255
1136,191,9.8133427595348
1136,226,10.571179480952573
1137,60,9.551641024391612
1137,69,10.418569635635313
1137,82,10.100406506900782
1137,153,10.39176312977199
1137,176,7.566056933322676
1137,191,7.178177791509517
1137,194,9.554688203069988
1137,200,9.53463419666378
1138,54,10.388811569935948
1138,68,5.68281794199653
1138,89,9.351774837135851
1138,94,10.582529703488149
1138,115,10.546213935815082
1138,130,9.998470638010941
1138,156,10.514874954361735
1138,242,9.471530301955609
1209,33,9.828348673412986
1209,75,11.264292626213964
1209,139,9.672703330022033
1209,190,11.81998572504428
1209,214,12.737621452555533
1211,62,7.307123923149129
1211,82,10.730832316686287
1211,108,11.724455985398905
1211,149,9.125341844154956
1211,155,12.146551440879154
1211,192,11.358318956565777
1211,219,11.793102497680284
1075,6,16.09993697209275
1075,18,17.492263713733344
1075,24,17.522248258530514
1075,81,15.002520848559172
1075,99,14.826196045379954
1075,174,10.570633079448594
1075,198,10.710718337958834
1136,13,10.446724515693166
1136,21,9.629726096099926
1136,36,7.5990614852012275
1136,48,9.98158261158961
1136,55,10.631755348442498
1136,109,11.767000762068145
1136,125,10.949524861721137
1136,165,11.195443237624476
1136,167,11.341777385486015
1136,186,11.560757735659038
1136,205,12.578465864960496
1137,39,12.975474729130944
1137,61,10.985126130850082
1137,154,12.603761467429672
1137,194,11.41260784059666
1126,61,11.890617439630539
1126,79,11.558245156957536
1126,88,11.23413731678351
1126,169,12.265734843638148
1127,42,8.400944333065084
1127,61,7.178428127644012
1127,70,10.55249609805342
1127,109,10.607688210322003
1127,179,9.94660984638407
1128,76,11.132674157391737
1128,101,11.79233164262984
1128,121,12.590610579890063
1128,150,13.30914382417436
1128,219,14.062369999135036
1122,17,8.342000083068498
1122,54,7.227200220594037
1122,112,11.233827481214417
1122,184,9.136120735698432
1122,190,11.255638190670876
1122,217,12.263525335725085
1122,249,8.884207981146643
1123,27,5.474106239969185
1123,65,9.980638863908382
1123,108,9.173471809838615
1123,128,10.36564087738309
1123,208,11.744888243258425
1124,37,10.50052518288203
1124,67,10.979454209373202
1124,84,10.614929273976943
1124,118,11.648764443545854
1124,192,12.063458880979754
1124,201,11.667036073584649
1124,236,8.453458160346276
1170,25,7.804490260057912
1170,39,6.913930605578944
1170,96,10.078509209172942
1170,144,8.70001838809612
1170,178,8.661437031637625
1170,237,7.212148026704648
1171,18,nan
1171,57,8.68130007429065
1171,115,9.973170798347583
1171,133,10.436408495034941
1171,210,7.933258937898822
1172,40,6.140557228204618
1172,50,10.733912341883062
1172,77,6.787760307410378
1172,88,8.589788311754168
1172,110,9.548499829082617
1172,124,8.23001905223563
1172,154,9.904622035935626
1172,157,11.524469926580954
1172,175,6.4852820259130795
1172,198,9.03450664393865
1173,13,8.051568734848857
1173,36,7.901669735641468
1173,82,6.657561850382421
1173,102,9.012464066719165
1173,112,9.265189015249986
1173,127,8.023254393807912
1173,144,8.8679495193703
1173,192,9.829347060535698
1173,202,9.194350106189294
1173,214,10.017022882861493
1173,248,7.230609383291217
1204,100,10.019974395379965
1204,140,9.784584179449311
1204,194,9.202063862351107
1204,241,8.948719868710675
1205,49,8.675743750470977
1205,91,9.249539796338478
1205,112,7.044007834543074
1205,128,7.79363727207299
1205,205,9.923333665679552
1206,50,13.404149635376669
1206,76,11.606006181551598
1206,93,11.45145969745461
1206,102,10.407740667225394
1206,122,11.434064315511996
1206,143,11.977147218031725
1206,165,11.824416506551298
1206,201,12.613950219603709
1206,233,10.895885670441757
1207,17,8.137522827038936
1207,23,7.625620735670471
1207,80,8.570731042620919
1207,96,8.591906038270093
1207,107,8.028955330210861
1207,158,9.976832642033045
1207,182,11.507470215504087
1207,226,13.07730734750264
1120,119,12.086439038043737
1120,161,12.753947684078792
1120,201,12.793039171852543
1120,224,13.049513324315958
1121,39,9.206819346632539
1121,148,10.106744388321193
1121,170,11.300346033327443
1122,38,8.489012823716491
1122,91,11.823239743599874
1122,136,8.922115388552996
1122,163,11.578128508226037
1122,172,11.127956507838729
1122,183,10.442206662298656
1122,215,11.640691301077382
1122,221,11.35615221149327
1123,9,11.531228024446769
1123,40,9.070227907424561
1123,52,8.496618887230758
1123,107,8.707803952039882
1123,133,8.764555989091766
1123,139,7.4936217727546754
1123,146,6.674394233160977
1123,151,9.915625108100924
1123,186,3.5639160376107073
1123,194,7.805129385594497
1123,232,8.682586407678475
1202,53,11.171181218123845
1202,55,11.213534446041498
1202,81,12.275345730222934
1202,97,12.610161245736522
1202,154,12.463277074454211
1202,196,12.442010553619545
1203,8,8.879107402398088
1203,57,11.015969827644485
1203,117,15.304861553043974
1203,150,14.114969713529915
1203,183,12.122586669301079
1203,229,13.03789214774821
1204,43,9.47486739181916
1204,64,5.909888206501418
1204,91,6.60519832366417
1204,104,9.847550868959566
1204,126,9.525873795887602
1204,159,9.565040438655789
1205,2,8.420937907334041
1205,35,9.359294418466972
1205,44,9.439509253117071
1205,96,9.775730059361093
1205,122,8.325829736601065
1205,143,9.176779288435963
1205,167,9.814881797737478
1205,215,10.935880454886357
1114,29,5.822836295566526
1114,38,4.199063130511263
1114,64,10.545537302104934
1114,71,11.091445710630818
1114,94,12.150550782406428
1114,110,11.668782759927467
1114,156,12.932212293206609
1114,192,13.48794811615493
1114,204,13.156275895115627
1115,43,10.708803350147686
1115,53,12.252617304224989
1115,159,8.933341926231943
1115,199,11.036450983772054
1116,35,8.84547498443926
1116,110,11.87125204635179
1116,218,12.746165046403222
1117,17,5.295774137676089
1117,32,3.9328353587646907
1117,103,10.520753805524716
1117,151,11.866091468725738
1117,179,9.851695530972169
1117,213,12.329658378182014
1218,32,8.514386518857373
1218,128,10.882238595462672
1218,135,10.392740361127364
1218,159,9.259963906989501
1218,167,9.880066327493264
1218,207,6.814360065392632
1219,10,14.781390249447693
1219,66,14.147081889642546
1219,101,11.112162329892158
1219,125,11.396616846593847
1219,160,11.1472686938687
1219,196,10.017331808989905
1219,219,10.547146559681666
1220,50,8.739607765471737
1220,69,8.277713799726772
1220,86,10.946895176957419
1220,106,12.326378209784215
1220,113,12.220053049162189
1220,138,11.907080889924714
1220,155,12.958799319785413
1220,200,13.118717425022448
1285,36,5.016710795695136
1285,64,12.031066964149385
1285,94,10.551567600457636
1285,126,11.093100248784317
1285,188,12.6663476387352
1285,211,12.813689159031602
1286,9,10.590588628256823
1286,31,9.11827132962497
1286,68,11.910726622331982
1286,156,12.717987619880821
1286,203,10.876772010265034
1286,218,9.43061128238788
1287,83,12.333096359655748
1287,118,11.862882196876425
1287,140,11.077445092759655
1287,155,8.168562471656681
1287,190,11.746903963382433
1287,213,12.638915912208448
1156,22,1.7672052532480098
1156,79,11.682137598131991
1156,95,12.472924766097256
1156,130,10.02064478240123
1156,202,10.57633888302161
1156,242,9.495999212662435
1157,77,12.123853796581525
1157,90,13.862538877868552
1157,113,11.64320501573897
1157,127,10.735259942254295
1157,155,10.314351025506452
1158,40,6.8650851076806205
1158,77,8.520108564200605
1158,133,10.354733163208536
1158,169,9.232676055571291
1158,234,8.934352513936354
1158,239,5.017116473388116
1174,8,10.022442899027698
1174,43,9.515835469497837
1174,59,10.355971906165705
1174,73,11.56561445744541
1174,84,10.604609391698876
1174,113,10.825793348537271
1174,125,11.481357807396716
1174,144,10.579321044990525
1174,158,11.474633181311265
1175,65,6.628640972578229
1175,72,3.203923467708875
1175,87,4.611508156028085
1175,228,7.623832471809092
1176,58,2.323218865852919
1176,78,7.5242378581071145
1176,100,8.106662011885206
1176,110,8.075186372968918
1176,153,8.886930913315181
1176,182,9.099463889601559
1176,213,8.584908448520528
1176,227,8.713316397388148
1176,248,7.379563191255734
1177,8,9.001031098539823
1177,55,8.747835500081251
1177,93,6.409935388615296
1177,151,8.143722613345739
1177,167,8.38233647306075
1177,197,8.932144882128268
1177,228,9.401071093006339
1249,36,9.74268036806288
1249,67,9.834398308468527
1249,74,10.273385002169453
1249,84,11.822793111271501
1249,109,12.495929839924685
1249,120,12.958709815380143
1249,135,12.47241592960918
1249,196,13.42497986526078
1250,69,12.008100931581392
1250,79,12.292092671027607
1250,105,12.044474070859748
1250,119,13.284507601310992
1250,122,11.699136992853482
1250,132,13.686225827254097
1250,162,13.073697566620686
1250,194,13.733066286743734
1250,204,13.58077418586683
1201,24,11.162458340047621
1201,36,6.6705078022133275
1201,60,8.344831910961105
1201,149,7.976486615364589
1201,172,9.044671904608407
1202,9,8.141230969982445
1202,21,9.014733713848617
1202,35,8.475915020578572
1202,67,8.120620562460935
1202,107,6.843712016826258
1202,118,6.806234413086887
1202,136,7.841190598868079
1202,155,8.507177760541921
1202,193,8.913956583356999
1202,197,7.4430030954761595
1203,54,9.993318108498409
1203,69,10.129428088782733
1203,91,10.310744259487901
1203,127,9.737029472881002
1203,172,8.275865286693175
1203,208,6.339958295232301
1203,238,7.811930097505696
1204,47,10.295317056553747
1204,88,10.687986461890212
1204,120,10.496645148396373
1204,206,9.260219169454322
1122,13,8.977486435721653
1122,46,6.936396471434328
1122,82,5.299794370264093
1122,94,7.315408296405879
1122,159,10.993031515580611
1122,184,8.077987602870532
1122,205,10.777119811625495
1122,215,11.055655683198857
1123,9,14.420242232651056
1123,28,12.514661434647028
1123,71,10.931257173681923
1123,96,11.219237726039445
1123,155,11.766006005409269
1123,220,12.57441636344419
1123,226,11.311994774469753
1124,25,9.91212933252693
1124,63,10.993674761924414
1124,107,11.588863127142897
1124,150,11.293552023072635
1124,176,9.211911484681739
1124,222,12.466888816329117
1160,58,10.025898152212747
1160,96,12.609004904160464
1160,112,11.763524362708747
1160,186,10.884234244410358
1160,211,9.342990310828949
1160,215,10.180553820301505
1160,224,9.089972968734939
1160,237,6.276839488184369
1177,72,7.290783740334711
1177,96,7.0987905007831955
1177,156,8.996350332410541
1177,189,10.506200851406318
1177,220,10.642448717821482
1178,17,12.250713850039121
1178,75,8.203491456285434
1178,119,8.801701069139074
1178,124,8.27953418947341
1178,172,11.8637884216772
1178,189,13.739208121939846
1178,227,11.99860334821977
1178,242,8.974491105359224
1179,29,8.090005031015718
1179,53,7.002576670371211
1179,59,2.4323666730723645
1179,110,9.388503737812211
1179,134,8.124268533072135
1179,152,9.558495941994478
1179,193,10.800485587468081
1179,209,12.91093942226919
1179,223,14.233893068927227
1180,5,10.237976825907346
1180,78,10.641533009369557
1180,100,10.611250605239311
1180,111,9.987514733055516
1180,130,10.282252217489877
1180,163,11.066298748384817
1180,186,10.164572363487883
1180,188,1.3460261801245617
1180,201,10.31648377431696
1213,106,11.569966825136792
1213,156,12.375480177056463
1213,203,10.29014361440822
1214,16,11.20516429460321
1214,18,11.01538153245183
1214,62,11.164200802517424
1214,81,11.303276319948065
1214,102,8.584016307823866
1214,131,9.372075174524579
1214,161,13.659908893659988
1214,213,14.130128019412867
1215,65,10.413307771081241
1215,111,12.436105435726002
1215,114,12.736791449135339
1215,141,14.169638250546626
1215,195,12.489773589698785
1215,224,12.906832711041218
1106,27,9.659377779740595
1106,87,9.372496910924129
1106,132,11.252233617083672
1106,191,12.963580988802972
1106,223,12.347571311158546
1107,83,11.288436082479304
1107,161,13.993268785532198
1107,182,14.123229306055634
1107,193,14.096892686293376
1107,213,14.356560722243493
1108,2,7.670868228816612
1108,58,11.112739876368465
1108,123,11.578102321228211
1108,175,12.462236102169902
1108,199,13.129107292770605
1108,225,12.260984955404382
1109,30,10.475504913504782
1109,71,11.213447902119436
1109,87,11.104565086164278
1109,158,13.304471825246129
1109,210,13.2248736325783
1109,223,13.231510157401738
1127,31,11.49348992757206
1127,124,10.01197352027786
1127,202,8.554428811874017
1127,210,10.6615252521804
1159,45,10.99351607364949
1159,95,12.18256498730754
1159,153,11.897037142677636
1159,219,12.91849056821465
1159,239,8.582604429065064
1169,18,8.23448081392415
1169,29,8.284108917264376
1169,35,7.588603920544374
1169,56,13.02550797881607
1169,82,13.08996237143453
1169,142,13.295337921095081
1169,173,13.053604097474118
1169,185,13.000834748715242
1169,221,13.572927572931377
CCB,17,13.177057015602568
1200,124,9.867094814204904
1200,245,8.720151647874006
1201,34,5.941042393701956
1201,60,7.123380502351143
1201,70,7.496198171489278
1201,92,8.677324174396128
1201,128,3.121041649038727
1201,164,nan
1201,170,-1.804478046323775
1201,189,7.655259576694082
1202,55,8.142499871177927
1202,83,6.261518989453646
1202,103,8.176801243519003
1202,124,4.9042940652364715
1202,174,8.632880203207433
1203,40,10.470230581840623
1203,121,9.81765555772435
1203,184,5.995938366113798
1203,220,9.279931991553784
1203,241,9.5639288118284
1128,13,9.210697291303765
1128,40,10.40451867788321
1128,60,10.899516381287853
1128,108,12.48034645726973
1128,222,13.109579815240311
1130,15,11.097398800381058
1130,71,9.12386023314243
1130,78,10.095121519817699
1130,89,11.100356345863533
1130,109,11.254086127363216
1130,155,11.315495782738862
1130,209,12.222297102450725
1131,42,8.470616862569146
1131,68,11.676624009407055
1131,122,10.470251816435418
1131,219,11.71992457803712
1157,35,11.572935989129682
1157,44,11.303123232512613
1157,115,12.236641657821977
1157,166,11.416390374631401
1157,220,12.012196427421394
1158,41,9.022190592308183
1158,53,0.46898564738978293
1158,58,7.58458862040534
1158,84,7.841790403380412
1158,121,12.497500783349478
1158,129,11.835275191969497
1158,143,12.381121245801305
1159,24,10.43659513237448
1159,66,10.747360370449217
1159,116,11.825240639323173
1159,142,10.969343540936588
1159,188,10.464166671118518
1159,198,10.409416122500293
1172,4,10.67057063704232
1172,22,10.45544682486446
1172,69,11.928527987659713
1172,100,11.887879016110912
1172,135,11.578772328949716
1172,148,11.552605761080898
1172,176,11.756979338444504
1172,197,11.628857127992475
1173,34,nan
1173,51,12.528705077068956
1173,101,8.697793084365204
1173,182,nan
1173,208,nan
1174,33,8.078714978196118
1174,95,8.633380803631725
1174,113,8.742240004255109
1174,152,7.4713019405097025
1174,197,9.28333288119237
1174,243,8.086367382407229
1175,22,8.618863080100654
1175,44,0.9509589796902662
1175,92,6.759688388802131
1175,130,9.88457491512393
1175,168,5.9321294791615635
1111,49,11.67487448384705
1111,57,9.791948037071334
1111,100,11.985452242660672
1111,109,12.612520644858321
1111,164,11.626895037749383
1111,176,11.612067988638719
1111,205,11.297990509120838
1111,222,11.998933686572222
1112,86,11.143712716131194
1112,126,9.117923793231343
1112,192,11.219372611878299
1112,223,10.663309708212964
1113,61,8.235025453244138
1113,92,10.534953360347771
1113,105,9.705233646743851
1113,151,10.362799517907643
1113,168,5.487943690381942
1113,191,11.546678243256066
1113,220,12.516647945170735
1114,19,10.23266939229777
1114,85,10.110226486728902
1114,115,11.969666470359876
1114,219,12.786363309704964
1150,21,12.475711602403388
1150,31,13.029941409117317
1150,37,11.802796711822543
1150,103,12.577002196437352
1150,183,13.53171149371512
1150,196,14.417354168569203
1150,214,13.781698322544988
1150,218,13.945895809028306
1151,21,13.219979190538268
1151,75,10.532126239931006
1151,80,10.656376285474039
1151,91,10.782584447492775
1151,130,13.400729680646062
1151,212,10.428601455739429
1152,49,8.727862334188393
1152,119,11.620113828534214
1152,145,14.483975037009614
1152,163,11.880857009490098
1152,203,13.104473386183157
1152,215,10.598555069394354
1153,25,11.371165027542505
1153,49,9.921620396878566
1153,131,11.810383125045467
1153,157,12.825546142932549
1153,212,10.71041980107259
1153,227,10.745501629380882
1168,15,13.526834597575894
1168,36,5.652875020223719
1168,93,8.171740417875615
1168,112,9.58917504725957
1168,145,9.990611715694468
1168,159,8.447610349907187
1168,170,10.176727221755218
1168,213,10.309649016386484
1169,29,9.346467293785235
1169,78,11.954034913618443
1169,190,11.396068772031015
1169,210,11.869649073831475
1183,62,11.352590715917357
1183,102,10.730515877664306
1183,131,9.779216640235099
1183,163,11.08279537445366
1183,197,13.373080986038527
1183,213,12.207769334488951
1183,239,9.243877167431126
1184,12,12.497724035616324
1184,47,11.478691571444852
1184,127,9.745458855501036
1184,150,11.712551660890202
1184,172,11.662690514252516
1184,231,9.446471880353243
1155,66,11.127904150789522
1155,90,12.917209693610994
1155,132,12.341569343516301
1155,169,11.99618591912839
1155,174,12.887685384349618
1155,183,12.044550255033439
1155,217,9.879581829887215
1155,232,7.935562529132618
1156,21,17.60047986249762
1156,37,17.107163089235634
1156,62,15.596214988648189
1156,86,13.73577865155081
1156,123,12.93420030852067
1156,156,12.760703085380054
1156,176,12.409345391508221
1156,193,12.877218770172167
1157,49,12.354942692469464
1157,105,11.551609110506746
1157,128,10.187347830816423
1157,220,11.755373906074272
1157,237,7.506011631530145
1158,12,13.261105042266676
1158,66,11.2774586361709
1158,79,14.200442471976917
1158,107,11.406405471731153
1158,131,12.85298135968299
1158,142,11.417944945153803
1158,158,11.393937811674196
1158,188,9.04418207581964
1158,218,11.237074583780252
1148,15,10.791525200400464
1148,23,11.91331063830317
1148,72,13.725543175471035
1148,113,13.1320551322771
1148,152,13.324847327665596
1148,196,14.264132939066718
1149,41,12.715707991298684
1149,99,15.137303647538154
1149,173,14.3193589564715
1149,204,14.334511378799439
1150,22,10.554798969233602
1150,72,7.026941761318788
1150,105,2.45883489529874
1150,134,10.297802412584137
1150,181,10.099230074528084
1150,213,12.202293298432282
1150,226,12.193902933683379
1151,63,10.63557431702926
1151,92,12.200890067029572
1151,105,12.424359776258736
1151,115,12.724304974301436
1151,162,13.741474408090413
1151,210,14.366538788865537
1157,1,8.386822129249737
1157,27,8.854676229791625
1157,41,10.359132060466894
1157,58,10.248971384729801
1157,87,10.341835710434522
1157,107,7.72557479396913
1157,114,4.706854863752205
1157,124,8.325589328506835
1157,151,8.81616078018796
1157,191,10.308234596111605
1157,205,9.58736753196386
1157,221,8.904183221353446
1158,12,11.894957316505065
1158,32,10.018914710478057
1158,132,10.992714893458274
1158,199,9.764069353788718
1158,224,9.145538816681501
1159,28,15.958430340506393
1159,113,13.037119685539448
1159,150,12.283081733995749
1159,222,12.085525694764476
1160,32,10.047826218210298
1160,44,10.601552126046043
1160,108,12.00679999069715
1160,127,12.551095389052854
1160,147,13.214071495373439
1160,174,13.299032769202956
1160,212,12.261694573549153
1172,7,12.866759438116153
1172,16,11.62429323112368
1172,25,12.110604109602273
1172,80,11.9460844166536
1172,122,12.515301665819788
1172,138,12.147755375128575
1172,158,11.931992346202453
1172,175,11.562849719663921
1172,205,11.728556467110383
1172,228,12.903250359630539
1173,23,7.331462240975009
1173,63,10.833679135423289
1173,111,10.794183840780043
1173,194,11.935776039410195
1174,11,11.839327678771179
1174,43,9.615374485803516
1174,100,1.2497445973044454
1174,124,10.097971189686357
1174,154,7.114436779140582
1174,178,7.462015877320599
1174,235,9.365779672943813
1175,37,7.52940540110977
1175,53,6.659863068544002
1175,76,9.738358821931804
1175,81,9.602189020837388
1175,216,12.27670752882718
1118,34,12.32542260935972
1118,53,10.409926779931897
1118,81,10.203757760158494
1118,110,11.125036967763402
1118,120,12.379512552569023
1118,214,13.4792173707826
1119,52,12.185572026160173
1119,81,11.97304828031135
1119,148,12.150519803002325
1119,175,10.25816787855489
1119,198,11.30054895976463
1119,225,9.212770096465535
1120,5,3.936692928699273
1120,81,11.346673857732508
1120,100,11.298430007750662
1120,136,12.489601726116417
1120,153,13.032400664274446
1120,195,14.184478198821607
1132,31,14.968454157026233
1132,82,13.219456962060887
1132,95,13.07117461985057
1200,9,12.466365597946197
1200,23,14.648893518897001
1200,46,14.832079396335143
1200,78,13.524855432746175
1200,154,11.330257939312753
1200,195,12.061604436043423
1200,235,8.328483435475796
1116,134,12.854644089160306
1116,183,12.264898648926328
1117,37,12.28676137196912
1117,90,10.73590381088242
1117,100,11.039993810941013
1117,196,10.590172460647828
1118,30,10.468794188068841
1118,38,11.242408451783223
1118,68,12.181732161341074
1118,85,11.985220825704673
1118,117,11.633749962772802
1118,201,12.695329855421013
1119,27,10.868074874531242
1119,45,11.59946561030467
1119,85,13.023208574285757
1119,102,12.988920193264335
1119,170,14.161895563264512
1119,224,12.977088469183201
1178,26,3.5859911166188745
1178,36,5.471379962321075
1178,53,7.009314686372123
1178,127,8.006820366913196
1178,191,11.941615638264814
1178,202,9.643929181093633
1178,205,11.373830233757388
1179,41,7.325832695240944
1179,58,3.1719460781474096
1179,111,7.440678245506433
1179,146,8.358195535798437
1179,175,8.89402873508473
1179,214,9.404200770784247
1180,3,9.217402838794838
1180,61,10.545307339464529
1180,98,9.522478393086242
1180,137,10.037465248167258
1180,160,11.408407112937427
1180,206,11.255806935225523
1118,15,nan
1118,63,nan
1118,102,nan
1118,150,nan
1118,174,nan
1118,190,nan
1119,39,4.697464327691669
1119,48,nan
1119,62,-0.19518413095494486
1119,143,9.507034432639182
1119,168,10.310766272106857
1119,189,8.060992741562746
1119,217,6.01138738438461
1119,225,8.130544361798194
1246,43,9.480547206067218
1246,76,11.133025949314437
1246,103,12.250355757404929
1246,182,12.787636863221604
1246,201,12.290357321369939
1247,24,-0.05243409916512182
1247,63,4.646189045064231
1247,91,12.399754859779682
1247,103,12.219784866888027
1247,183,12.653519453117568
1247,213,12.284234974905031
1247,221,10.457981779223449
1248,18,8.422348738903635
1248,42,7.745760973084739
1248,93,11.9319601135129
1248,126,10.526288765802626
1248,156,12.900791401123703
1248,173,12.263839896103324
1248,213,9.197591845680082
1248,231,12.05140467112512
1249,13,11.770593857733031
1249,65,8.332403261932399
1249,95,9.445886430331893
1249,177,11.461698188656781
1249,196,11.549386239427427
F3TN,40,9.310024215081524
F5MN,42,nan
1155,16,7.023451012418401
1155,27,11.259631592348141
1155,40,10.404088070044269
1155,57,12.45786684308058
1155,111,11.36480386941114
1155,131,9.455895030534675
1155,173,12.706485832347363
1155,193,13.91310089778538
1155,211,13.238858846852295
1156,16,16.430682505396298
1156,88,12.23517052689596
1156,97,12.129093638971803
1156,141,10.861289430085602
1156,190,12.01385523444622
1157,37,10.579404788520135
1157,124,11.708175706262185
1157,214,9.804532305831314
1158,80,9.869557813023803
1158,162,10.432040445784281
1158,176,9.653875110026046
1158,191,8.917660698667804
1158,230,9.015710829881487
1158,245,7.953192579496868
1183,13,15.58585908072764
1183,40,15.31736913400785
1183,84,14.292545261669227
1183,106,14.044367046265416
1183,121,13.948988297423437
1183,142,13.239427628872258
1183,151,13.723509211991479
1183,158,14.140865180841306
1183,197,15.527347716808233
1184,91,11.373301793926085
1184,125,10.818055442897128
1184,151,12.549812887694012
1184,168,11.763054632361118
1184,176,11.87778785579537
1184,215,11.578525814939827
1185,25,6.4185054541791935
1185,108,11.501921333826688
1185,117,12.445522281676688
1185,138,11.806919188532614
1185,168,13.202576209262173
1185,210,11.999902011022607
1185,227,10.65439885632028
1185,233,10.339026644222269
1207,18,14.502362394269223
1207,68,10.53657269684476
1207,110,12.57850373056172
1207,130,11.600493101460243
1207,216,11.96112690615035
1208,62,10.495909253687273
1208,131,9.957829030350174
1208,192,8.197728184965971
1208,232,10.958644074003729
1208,238,8.09181762789145
1209,22,7.470857476709951
1209,35,7.8932490063552585
1209,47,8.850050787215968
1209,78,6.838118635364925
1209,104,10.332316312496495
1209,141,6.4177161192936305
1209,158,8.251238722918512
1209,179,5.071851489261617
1111,10,12.19683176135167
1111,49,12.15198020820729
1111,84,12.999122374472753
1111,127,12.714923483149594
1111,129,11.038078867261472
1111,138,11.35851303136115
1111,169,9.835321753049369
1111,179,9.781976971585033
1111,211,10.965257509702354
1111,230,11.30067093184276
1112,66,12.437459288866874
1112,91,9.605643336871614
1112,104,6.5776792517616585
1112,115,7.5632568560902245
1112,143,8.180590573081881
1112,177,10.515079297545453
1112,221,9.768323298256602
1150,23,6.6651926114317135
1150,46,9.89875342555356
1150,103,7.904513838432634
1150,177,11.918174756699182
1150,195,11.973757864922238
1150,215,12.063940159664897
1151,11,7.125010366765587
1151,36,8.970242034789116
1151,109,11.92595195902388
1151,201,12.925606254324446
1152,83,12.10139597702856
1152,124,11.164495581957022
1152,139,11.221449744486282
1152,164,11.55084361523513
1152,175,10.980405771843785
1152,181,11.609608811951095
1152,199,9.358711469750284
1152,229,8.8636281270952
1176,38,-8.202898888142622
1176,42,nan
1176,48,nan
1176,99,4.771331723095084
1176,152,8.921478148385557
1176,174,8.231222202160698
1176,227,10.721964726004302
1177,18,14.674496702739388
1177,27,15.655181331702877
1177,35,15.502060284832542
1177,64,14.564409781992252
1177,79,13.64561083634551
1177,116,12.837420342609018
1177,134,13.733498286295383
1177,149,13.260604985638178
1177,159,13.032133428312902
1177,187,12.48829856394809
1177,222,13.404755236907302
1178,4,7.033748160505314
1178,41,nan
1178,63,8.207948911961328
1178,81,8.862979497212356
1178,100,10.162948019863494
1178,189,14.581940058032071
1179,22,15.350087592513901
1179,32,15.956728873285108
1179,47,16.138614331926618
1179,69,16.13838419361118
1179,126,15.900027422750014
1179,180,13.574224460167127
1179,228,11.44269762045538
1122,31,14.199729952845317
1122,54,13.144779457593243
1122,79,13.787864880993993
1122,94,9.036912956915245
1122,200,10.452667199997679
1122,221,8.869748115556044
1122,230,9.448931295247995
1123,48,8.058488452838423
1123,143,10.108632308895306
1123,203,10.62659112863544
1123,223,9.306548401043079
1123,245,9.336951648834788
1194,23,9.97785093254165
1194,39,11.07235890701885
1194,51,11.069090026604202
1194,69,10.768037837496301
1194,90,9.439161512108804
1194,103,12.104241537346038
1194,151,11.896956089921865
1194,189,12.410006651822352
1194,200,12.62644631642366
1194,220,12.352528799063588
1195,27,9.51502174661184
1195,61,10.639264381705505
1195,87,11.122498777912872
1195,119,10.848882251759965
1195,164,11.519182721761556
1195,184,11.617575581524534
1195,189,12.010544085983607
1195,203,12.921816242828365
1196,28,3.0362440519737266
1196,35,4.473266965774768
1196,44,6.057270658663645
1196,104,9.611108808938893
1196,196,10.676356988360887
1196,205,12.131752262924714
1196,226,11.635667454425176
1131,8,8.715082743392927
1131,83,9.192551110825027
1131,110,10.435887811861173
1131,135,9.95921407248993
1131,181,8.503505118768235
1131,235,10.480258629907972
1132,29,10.711468892932587
1132,84,9.658954850828504
1132,120,11.160502329737273
1132,147,11.588776756953763
1132,154,9.62262675400734
1132,195,10.34253632104395
1133,44,7.325435204622046
1133,54,6.643102565887692
1133,81,6.760753133774822
1133,103,8.421211689269644
1133,123,9.145664126272036
1133,138,8.074980799380363
1134,46,9.838854595838939
1134,62,12.000132891145688
1134,81,11.14546006476071
1134,102,10.80464743072862
1134,128,11.383772591997221
1134,165,12.250846901726298
1134,220,13.075893742855502
1119,2,12.610987366195046
1119,22,11.753518361474685
1119,131,12.326582399788528
1119,143,12.89360250667145
1119,177,12.20521279203998
1120,25,9.906636886720486
1120,80,10.109409083467726
1120,91,10.183107432725313
1120,113,11.574101745974215
1120,146,12.491180918887228
1120,216,12.365415567902751
1120,227,11.167524442331837
1121,116,12.562556544792152
1121,152,10.678328761618891
1121,215,11.216906768415708
1121,222,10.371816568366043
1155,5,1.8419722432441146
1155,22,6.5087907052897
1155,52,7.049721638473097
1155,78,6.508567584574937
1155,101,8.502237491389039
1155,114,4.79891178424225
1155,138,9.071690741145314
1155,169,9.376425641661587
1155,216,8.388405120834182
1156,29,9.11373792863314
1156,35,8.929605342765766
1156,72,12.277436429346162
1156,181,12.117655428694318
1156,217,11.737746387956031
1156,246,7.6092319840721405
1157,7,8.777475550834893
1157,27,2.896404362149911
1157,50,10.436988441580525
1157,103,8.682711588420819
1157,122,8.235985339110982
1157,157,11.46206004367663
1157,188,11.791978982417335
1157,209,11.884986382306453
1158,7,8.867610992796433
1158,115,10.782636844892707
1158,189,9.446488273891037
1158,194,9.623868892716782
1158,232,8.107049081632526
1158,239,6.5613041630467315
1170,31,5.972937078922054
1170,71,8.652572164169513
1170,90,6.510728715104078
1170,98,8.439427513180597
1170,181,8.422709143676983
1170,241,9.663327976380046
1171,2,8.62373155672813
1171,14,6.4016895591453
1171,37,8.378785438289428
1171,57,7.7581378193902895
1171,80,8.275198362317873
1171,106,9.365289330962147
1171,125,8.167691047248253
1171,179,8.917175947284319
1171,213,9.043147432136093
1172,11,7.606105494813557
1172,97,9.889179524948196
1172,151,9.865157891462816
1172,227,10.630142367617442
1173,51,9.899139172842531
1173,152,10.527817328923717
1173,181,10.629283969712022
1183,43,9.931940514306108
1183,62,6.222327900088677
1183,93,7.686611491791337
1183,156,11.403961422116655
1183,173,8.260166361294042
1184,23,9.251555058794192
1184,90,5.796531503221902
1184,99,nan
1184,106,nan
1184,114,11.82955126202992
1184,128,10.975897346323231
1184,147,5.18885203720161
1184,162,13.187175201290861
1184,185,10.550133548710361
1177,35,9.444923142460143
1177,85,11.08235345580847
1177,93,11.17787616225133
1177,146,10.026627067520153
1177,160,11.836333702769783
1177,211,11.67545576327739
1177,220,12.461868981264569
1178,61,12.125056684532296
1178,178,12.61106868399217
1178,198,12.971637818897383
1178,243,10.337778982626475
1179,6,13.711437852447935
1179,104,10.362917464618612
1179,112,10.835122957173162
1179,134,13.290658565593812
1179,191,13.059402129414652
1180,10,13.924335000119516
1180,48,11.09012728282533
1180,89,10.531627104280064
1180,115,12.587474052923964
1180,147,12.723564568772488
1180,158,12.766053474545167
1180,219,13.068824503383878
1112,7,13.462214942333928
1112,88,10.703683723295324
1112,100,10.842256942329755
1112,156,11.422119039440009
1112,166,12.193430208388474
1112,209,8.966695786718207
1113,16,10.502554372874094
1113,24,9.180981238927329
1113,89,12.26678977249042
1113,145,12.99546047544048
1113,202,13.512434284157704
1098,31,10.148939032747762
1098,93,11.278822411566217
1098,120,11.858807341841223
1098,148,12.109095325123375
1098,156,12.013302400979622
1098,182,12.178216571427669
1098,242,9.382246173142278
1159,22,11.661368744016924
1159,56,11.16899527735379
1159,179,7.729738003268966
1159,206,10.770831184908442
1159,209,10.863628311723282
1159,227,11.225124585468077
1160,32,14.222510468333718
1160,72,13.639147485894119
1160,86,13.311651706789698
1160,166,11.961696200073714
1160,189,11.619371200160424
1160,216,12.146185426660864
1161,37,14.270797280045272
1161,67,11.548399384974871
1161,98,11.558213103465338
1161,126,8.393245417606884
1161,170,5.288415790018215
1161,194,8.4561096194685
1173,26,9.172552557354445
1173,70,9.538817562659366
1173,84,9.708593073728512
1173,138,11.164090580737989
1173,170,8.241238524735135
1173,197,8.954955273818694
1173,220,9.44583663098218
1174,32,5.4859469133021435
1174,63,7.768094269545831
1174,96,4.298392780121434
1174,128,7.223388824759684
1174,244,8.577540654518984
1175,39,12.00654221548641
1175,48,10.475406834203607
1175,67,11.219190141858018
1175,104,11.350154710302292
1175,143,10.25050406591065
1175,186,11.762233020632973
1175,227,10.085576654345203
1176,32,5.572539510924708
1176,56,2.450467798893375
1176,74,-12.489168165799278
1176,85,7.133185096263711
1176,159,10.525455343508984
1176,224,11.824814741231185
1176,241,5.367534874545855
1177,18,9.935104586318023
1177,31,9.820372116940232
1177,54,9.690628538876142
1177,101,10.453758861092584
1177,108,10.960475069020013
1177,212,11.574626222251613
1177,228,9.613608311563077
1209,14,8.337347170671393
1209,43,8.549521893140557
1209,57,4.650362189386966
1209,71,7.880542120481618
1209,101,9.287678892773894
1209,138,6.459926065568792
1209,143,4.335908709249394
1209,150,7.523305853315097
1209,164,8.225682941080416
1209,198,8.152787583647271
1211,68,7.160374094296834
1211,162,9.362096643453295
1211,186,4.339035364831323
1211,210,4.129406941127956
1211,242,6.6077111435105245
1212,13,13.643685359365376
1212,56,8.787246650078695
1212,109,13.05297476954975
1212,144,9.180305201542774
1212,211,9.734228245593494
1108,7,3.5514846894513195
1108,42,9.546584240948704
1108,88,11.031836535715831
1108,190,13.019283832030142
1108,231,6.934143936151141
1109,11,13.72176326829039
1109,58,10.046645533836188
1109,80,13.02466174723394
1109,128,12.189216486834066
1109,217,12.221037350638417
1110,9,14.795222731672846
1110,28,12.973819179305616
1110,59,12.804317771167977
1110,78,8.815665049045435
1110,82,11.219860696999174
1110,111,12.299474888462068
1110,153,11.775048356165403
1110,197,10.690868154145452
1110,239,8.742092981450725
1111,29,7.317718759807067
1111,39,11.741385570167619
1111,62,9.612299981714315
1111,76,12.254780656155509
1111,187,11.230474165736943
1111,206,10.805399289207331
1206,30,11.997043710409825
1206,60,10.969309279918622
1206,136,10.445690649951814
1206,150,11.578866953644798
1206,178,9.538466393120267
1206,217,10.439065437558197
1206,224,8.186023467003928
1207,15,10.880551196231387
1207,38,10.96011574652199
1207,44,10.708338776047627
1207,150,12.906194118975925
1208,44,9.113053402708267
1208,84,8.132965267542309
1208,102,8.000577784928634
1208,110,8.777887491690894
1208,199,8.240173134910941
1208,211,1.1602556172180454
1208,229,6.3947167025059395
1208,242,8.535313996226982
1123,48,11.311759048802458
1123,77,11.562951079905464
1123,95,11.125960068486712
1123,125,11.936187203742758
1123,135,11.16820186198063
1123,138,11.69553489536073
1123,218,12.323350458988427
1176,47,8.07913380650579
1176,64,9.484327232903647
1176,103,11.021291734494056
1176,124,10.55085543891767
1176,147,8.123107028978918
1176,151,8.253000912303065
1176,163,11.302420046680222
1176,215,11.510382711432424
1177,14,13.91295823253903
1177,29,13.875952855044593
1177,43,12.935588076458867
1177,117,8.849280694566037
1177,128,7.9697479109042995
1177,138,7.536429368642614
1177,151,8.771219054236619
1177,213,8.250910490214432
1178,57,10.671004004031225
1178,100,12.44500270323664
1178,193,12.85044748111936
1178,212,12.009912944643764
1179,35,10.521518850777003
1179,84,9.550197491085036
1179,150,11.083584599043931
1179,170,11.513586138390554
1179,202,9.994267266538207
1179,207,10.847844711322765
1179,225,10.926518313148259
1179,86,11.09663082427402
1179,172,13.114296199003592
1179,231,13.197489613966765
1179,239,9.047663812299955
1179,249,nan
1180,92,11.446570377326264
1180,106,8.23974683327792
1180,151,13.478485134049585
1180,180,12.413986541207613
1180,230,11.693794986181107
1181,125,7.394520222484397
1181,172,11.689612612361472
1181,188,11.018174012259811
1181,214,11.884588998935381
1181,227,10.500662221145154
1181,238,3.643497400334679
1182,30,11.957387879894899
1182,44,10.461492190610109
1182,64,10.476169541369027
1182,98,12.71353146948649
1182,112,13.190193834674028
1182,125,13.482510175200463
1182,134,11.495141247273573
1182,148,11.452648153009601
1182,195,12.077801595472582
1182,218,11.19086169792357
1201,38,10.284140542953944
1201,56,12.597367908092753
1201,97,9.748621699521472
1201,108,9.285524814879142
1201,157,9.13777948881461
1201,181,9.470077429632525
1202,38,11.77104733655629
1202,53,12.358971870722655
1202,181,10.186334115553334
1202,198,9.630953036487783
1203,18,8.748279801855825
1203,33,7.499216225738115
1203,57,5.521783905097117
1203,73,5.351135214681899
1203,100,8.408117671647998
1203,172,7.496574074666329
1134,18,11.539890880628663
1134,30,11.082489779497777
1134,102,10.647608632172727
1134,110,12.068694549409171
1135,60,9.240103663848611
1135,131,12.5578105615933
1135,215,11.843860279905929
1135,223,10.988106347637363
1136,61,12.092917465439344
1136,71,12.31659127355262
1136,92,11.515016172264716
1136,114,11.267590465712924
1136,126,11.624580503302436
1136,180,13.046496472339564
1136,216,13.076051226736489
1136,247,8.358075668543519
1123,10,15.442483389648995
1123,105,10.607529136574128
1123,151,12.627850312018136
1123,221,13.465171703090217
1124,17,10.989255475402677
1124,53,11.213445896252335
1124,70,9.827823222053407
1124,76,10.226293873916678
1124,89,9.418988120104538
1124,97,10.586271011460301
1124,154,10.346073702057412
1124,165,9.694491385292256
1124,195,12.305188736730141
1125,14,9.722105009387597
1125,41,6.732332209053639
1125,66,10.214296354778279
1125,91,12.728247996930238
1125,160,11.339881898572479
1125,200,12.551239820754693
1125,220,10.364166591805295
1130,13,12.202721414781376
1130,63,8.466143016426496
1130,73,9.188041550098562
1130,100,9.098207189165198
1130,151,7.385775768825614
1130,171,8.827097461695683
1130,179,10.106351796648433
1130,193,9.285572952683381
1130,238,7.908839836850299
1131,19,11.655327803759048
1131,90,13.018078841429832
1131,128,12.101301491077718
1131,154,11.99042136410749
1131,161,12.330283509549485
1131,163,12.34505082138395
1131,197,8.990260284695719
1131,225,10.577351453936556
1159,66,7.126397949614232
1159,117,8.620268743786216
1159,192,7.8833149071933555
1159,229,7.861902712986008
1160,28,9.835879634396074
1160,34,10.634842148668472
1160,87,10.68672120031831
1160,98,7.693507107001324
1160,118,8.031723709540676
1160,134,9.559397664391575
1160,143,10.699504871644796
1160,199,11.287727914778987
1181,45,8.019117136985628
1181,73,10.995780928754717
1181,151,11.895099388223517
1181,177,12.91776344262297
1181,209,13.270207257892821
1181,234,10.70523623608853
1199,10,13.735993105543018
1199,37,7.352731074960323
1199,56,13.419504282328806
1199,99,8.93260130083603
1199,131,10.558019005798734
1199,206,12.255623220154334
1201,24,7.382534853451734
1201,69,8.031994911649738
1201,92,8.53840333238679
1201,136,6.971913594674962
1201,218,10.068933828015481
1201,241,9.378435218044693
1157,14,6.2843485062804625
1157,47,9.107997252993613
1157,82,15.900417222588281
1157,109,11.911486019317095
1157,164,13.14610072134251
1157,189,10.44898976264908
1157,203,11.984644339088035
1157,220,11.577899598030976
1052,28,10.788954955919351
1052,61,10.75805726839048
1052,91,10.227270632015768
1052,140,11.81761055295487
1052,155,9.965779096456105
1052,212,11.736941402992862
1052,222,12.916665247750057
1104,22,13.858823077672763
1104,33,13.168211973144272
1104,67,14.142049302999585
1104,80,14.255324290690293
1104,128,13.40964805272028
1104,175,12.133179292420621
1104,217,12.44265332388952
1105,48,11.272634533183282
1105,130,11.663321175552394
1105,142,8.563630466819633
1105,171,11.90962112893227
1105,226,12.220220496635532
1106,39,12.512007142189548
1106,65,12.746209319927932
1106,109,11.966428843756312
1106,138,13.737240025512353
1106,141,13.698654950729878
1106,161,12.058850094227111
1106,199,10.413055536160517
1107,14,12.536962719480876
1107,34,12.086647495019331
1107,59,13.228885444528512
1107,73,10.890382140139838
1107,114,14.045834761868388
1107,164,11.67422130514497
1094,46,13.956708740249404
1094,79,11.914723660747729
1094,93,12.713566436296546
1094,109,12.91207535777122
1094,168,13.385511450521896
1094,183,13.382097219823878
1094,212,14.065889460003298
1094,222,12.935037330420432
1095,31,13.176833829641216
1095,75,13.868321811128459
1095,98,13.48653412932585
1095,138,13.291268724089067
1095,185,13.323276067274445
1095,216,12.109925606536615
1114,45,10.354693888329273
1114,58,6.624929582922563
1114,82,13.16798066807958
1114,132,12.006177123801812
1114,184,11.000860792643454
1114,193,11.488866734181318
1114,209,12.46736467095291
1114,232,7.766777566133939
1115,49,13.77703875241059
1115,62,13.507617434374897
1115,79,13.68217746898946
1115,95,11.689552269245699
1115,101,13.16770864228732
1115,223,11.530428644988678
1113,57,12.121249427185226
1113,94,10.501278109062099
1113,116,4.539191302914116
1113,147,9.181403952415671
1113,151,10.77490494235806
1113,176,11.65500534240766
1113,191,11.933809082448485
1136,30,9.308725070123415
1136,76,9.264477646820694
1136,133,10.473132232716809
1136,222,8.54417438183721
1137,37,12.161816348410813
1137,105,11.988916440789993
1137,117,12.071427630306887
1137,129,12.328916719300908
1137,150,12.672360288167948
1137,161,11.741010475293825
1137,166,12.637982198897515
1137,186,12.686914591553144
1137,206,12.293031409766291
1137,227,10.47289704826879
RND,20,8.342123794944118
1157,38,9.999242605978019
1157,64,10.537447815992776
1157,80,10.347218314062872
1157,91,6.883250674154645
1157,130,9.222592477564358
1157,167,12.980479324764278
1157,173,11.508939956480981
1157,208,12.091277049276313
1157,220,11.669014061532577
1153,45,10.641260115019959
1153,68,11.215714696677665
1153,76,12.896478899447262
1153,105,11.62247749159041
1153,136,12.490147444653058
1153,148,11.765048943397803
1153,157,10.58402962961142
1153,173,12.032617885006207
1157,22,8.678944232314622
1157,58,1.0802742973914397
1157,112,8.24888484365989
1157,217,9.374138470220814
1114,11,-8.615420797285493
1114,21,1.7202852488497151
1114,39,8.377757727936675
1114,59,10.301911307797578
1114,119,12.460967953622257
1114,152,12.764097764345701
1114,161,13.241658817222458
1114,183,13.729201242700492
1114,225,13.512553788763668
1115,11,13.429761248873952
1115,40,12.330395495925915
1115,58,9.821420161471703
1115,67,11.859955432465334
1115,107,14.68446221536514
1115,120,11.240573162000251
1115,146,11.326051916690647
1115,152,12.159999599547293
1115,160,11.588267430533874
1115,185,12.512566933864594
1115,201,12.162198844090442
1116,81,9.134501411227113
1116,103,10.433695985136316
1116,120,12.34201884186785
1116,163,10.205058145118366
1116,177,11.896227681657587
1116,182,13.04598094925342
1116,211,12.691421539847695
1153,18,16.51939653436149
1153,60,16.00793196210777
1153,101,15.21266678725861
1153,128,15.549193465044038
1153,139,15.300618416593093
1153,159,16.231323962055423
1153,204,14.398589107849658
1166,33,10.447156898576853
1166,79,9.618630223086711
1166,98,5.214491663924353
1166,120,2.9807109199398814
1166,173,5.21558380224751
1166,196,7.903186340691208
1157,49,9.505266946620205
1157,65,7.913054293608017
1157,141,11.721910690564476
1157,214,11.46320786237646
1157,225,11.806557007584612
FNN2,12,6.299366469775381
1153,10,15.02679585192543
1153,47,13.931228114996783
1153,83,13.917042699590272
1153,114,12.562876934174001
1153,158,13.691356435583291
1153,173,11.618026283956738
1153,187,11.574059486825155
1153,194,10.982455659641717
1153,216,11.34626198605872
1153,231,11.292664093966263
