NEA2,2,nan
1306,65,0.6432021332330783
1306,93,7.669782303695394
1306,115,5.394369750144332
1306,133,8.158084850572989
1306,149,5.209400918539664
1306,157,6.751828011341871
1306,174,7.831983263531825
1306,220,9.958537101102673
1103,49,5.674565600858273
1103,76,3.2237856735685453
1103,94,4.19644033071943
1103,137,8.623323956217703
1103,175,8.157997636112205
1103,198,9.855340867424243
1104,24,8.95433212265596
1104,33,10.165907819630442
1104,55,9.1695091189774
1104,104,9.83525335524858
1104,131,10.784607917701655
1104,186,12.973559604061135
1104,200,13.896312465966796
1104,218,13.326787962702312
1105,30,9.770879956053983
1105,45,10.580241748641042
1105,128,11.613530873712614
1105,155,11.045003668621822
1105,187,11.682458745155394
1105,233,10.211676003359393
1105,242,8.726866152649903
1243,47,10.343703203832892
1243,147,15.025009673425542
1243,177,14.717742645068643
1243,205,15.203414979914045
1243,216,15.186120968937688
1243,228,14.477826208302908
1244,55,12.699145073840025
1244,65,12.09131453025146
1244,80,12.17367204818624
1244,91,13.914871689854538
1244,110,13.202751221755676
1244,118,11.154500713152737
1244,143,14.195963894002386
1244,175,14.66668713620004
1244,202,15.224289904407813
1244,227,14.250656173657335
1245,7,9.751900478943455
1245,41,12.021581365528093
1245,99,13.174528018673685
1245,127,12.190047064726237
1245,209,14.650208759858693
1245,216,14.894337951209478
1105,23,9.39810487684179
1105,43,8.45759833809514
1105,58,9.597188041302125
1105,90,8.55345385792646
1105,135,10.726345630260386
1105,161,10.62165769321213
1105,189,10.612303743051495
1105,234,11.593509565465098
1106,9,2.223923374431208
1106,25,-0.46042660324456175
1106,49,-0.546115920025037
1106,87,5.100167563045909
1106,107,0.48867893328687484
1106,167,12.79025422883227
1106,181,12.07935691524207
1106,199,12.201676080930785
1106,220,11.578706216578977
1107,22,11.425171140308128
1107,46,10.15953996813974
1107,88,10.267002121479681
1107,95,10.454216229692301
1107,103,10.47271697767015
1107,119,10.819029323181358
1107,192,13.383928336471358
1107,222,13.882160854297211
1108,61,11.484191858683491
1108,88,11.696645748940039
1108,120,11.253982230267281
1108,149,13.070803906449413
1108,171,11.800264579579673
1108,199,13.644524311432274
1021,22,9.274810701098708
1021,66,11.13299031825003
1021,115,10.429741365229363
1021,220,13.34903979973793
1021,225,14.018961756523055
1022,22,nan
1022,26,nan
1022,31,4.50611992586282
1022,69,7.871972453320694
1022,86,6.88180360966952
1022,110,10.134954622385754
1022,145,nan
1022,152,5.159492911024652
1022,189,9.196087770590555
1022,212,12.3216399391846
1023,49,11.377917345711367
1023,58,11.132549689297935
1023,116,12.07774170722834
1023,175,12.193918611784609
1023,223,14.369882266577392
1024,25,14.323898588213094
1024,82,12.58614950466588
1024,122,13.156678534983321
1024,135,12.31840377871746
1024,186,14.383285401495103
1024,216,14.170130284321196
1024,221,13.37932531600687
1306,50,8.383279992483214
1306,80,8.91058820444791
1306,86,10.404926763663534
1306,193,13.829929968503574
1306,215,13.752331834994651
1306,221,12.498654431966042
1267,10,11.880027584987335
1267,55,11.456275649144608
1267,89,10.330476379700873
1267,104,12.084125534830745
1267,183,13.953808510169416
1267,197,14.379598323433688
1267,202,14.143481541446516
1268,12,12.172877284643173
1268,73,10.75397592550167
1268,91,9.780291992795178
1268,143,10.518896004850815
1268,153,9.280521337119485
1268,186,13.8252671198245
1268,195,13.243816378183793
1268,206,13.008716383112562
1269,12,13.40295615270861
1269,37,8.4917132051378
1269,52,7.0046115488390175
1269,77,8.278760011688592
1269,100,9.724898914019969
1269,157,13.46713915781577
1269,160,12.123785274633539
1269,195,12.818885125642435
1269,201,13.293294778738005
1005,37,12.889397732127525
1005,68,13.050087280727967
1005,93,12.662875679322422
1005,123,12.028566847949897
1005,148,11.788480388578023
1005,158,12.633225528398608
1005,196,10.033993358249397
1005,209,8.253574666700716
1005,235,7.433722984559115
1006,12,11.118589472286708
1006,23,13.669551429609296
1006,51,9.80078108346883
1006,85,12.656987241598216
1006,123,12.084173600369017
1006,151,11.79028795288386
1006,162,12.73569565719318
1006,195,12.907884378036513
1007,29,12.03506888594902
1007,68,12.686318906865072
1007,78,13.87940342035769
1007,109,13.571548921471104
1007,138,12.561568958418956
1007,193,13.098561635144971
1008,14,13.680006686065571
1008,20,13.713638479006505
1008,132,12.582183789913877
1008,169,12.307780894653632
1008,199,12.01131521128888
1008,232,10.011542142163991
1240,11,12.566622676819748
1240,25,13.011755693579435
1240,73,9.964286058761152
1240,82,10.331196637120495
1240,94,11.065460458265958
1240,99,12.04241438494501
1240,102,11.296763387397977
1240,127,11.757136891629097
1240,181,14.217476112409493
1240,228,14.500578392724503
1241,16,nan
1241,25,nan
1241,51,6.8428208420541035
1241,71,11.281725152387308
1241,131,11.554019010124328
1241,174,13.324080411088136
1241,179,13.116076390554525
1241,188,13.431424497298185
1241,213,13.367262438351887
1242,113,10.41274705464076
1242,125,11.291427723061354
1242,131,11.880774122025704
1242,193,14.271927025413584
1242,219,13.978620139535549
1243,24,13.520934750155924
1243,32,14.518149526682343
1243,43,13.859080181355365
1243,99,11.228510790014912
1243,114,12.369863461555415
1243,171,14.296143076573088
1243,200,13.99108471205702
1243,204,14.486211726549774
1243,222,14.768298107118781
1243,234,12.513285422705982
CCB,20,11.58858708119677
F5MN,12,10.519490717885407
F5MN,24,9.690876155874863
F5MN,34,12.961105163214805
1305,43,8.464469429614889
1305,96,9.548943103376743
1305,148,10.90141309754614
1305,151,9.650445823542231
1305,163,9.839208345629498
1305,186,12.775575190943647
1305,226,13.468635894400546
1305,229,12.612791725263984
1306,14,9.169474638546777
1306,82,9.427200306722426
1306,89,10.266413419222333
1306,99,9.717236446936099
1306,102,7.300120466311504
1306,111,9.381422616092955
1306,227,13.891516722113032
1306,247,8.31842534216255
F1TN,12,9.402851539493126
FPAP,11,6.645426011137467
FPAP,17,8.304648627756087
FPAP,36,10.862238297576233
1301,35,10.022882395214669
1301,164,12.409667404442741
1301,196,14.984066055839577
1301,215,14.720498970233136
1302,49,9.496102753084823
1302,82,12.234952404702206
1302,159,12.37916066717842
1302,221,14.301291597431458
1303,52,9.986588937117913
1303,124,11.263042004856032
1303,172,13.322436935348101
1303,189,12.418983024355974
1303,226,12.440170419732212
NEA2,13,9.792351970969493
1306,48,7.610863200586469
1306,75,10.363168955490515
1306,82,7.410963206600854
1306,213,13.652987094009578
1305,2,nan
1305,22,10.202781425067586
1305,34,11.197446939754528
1305,50,8.959108584169634
1305,101,11.764018736967648
1305,118,12.65438379857583
1305,167,12.02571994381925
1305,198,13.867560420416844
1305,224,13.860664579101964
1306,11,12.045204420933599
1306,22,11.849896126487447
1306,28,12.676376778034191
1306,53,12.801965639202518
1306,79,14.125842316078572
1306,119,14.476746505655855
1306,145,13.138408368390348
1306,158,13.9591162517546
1306,214,13.269201780512542
1306,238,12.001005117745036
FAPT,36,8.395665161876114
1101,27,nan
1101,49,-4.460635891303738
1101,60,8.81988322673551
1101,108,5.522827097251795
1101,139,8.755294979583642
1101,147,4.349190896314186
1101,171,-2.7555343553249085
1101,208,11.82639739121964
1101,221,11.585798401158641
1101,229,10.51255055501159
FPAP,40,13.267324945697261
