1024,15,1.6513267582219793
1024,48,12.353435518173747
1024,72,13.739125522302718
1024,96,16.320650419926793
1024,144,16.13322826300879
1024,168,11.644649798670033
1024,192,15.399904236375217
1024,201,14.76099998118797
1024,216,13.372188441945081
1024,225,6.108314805531995
1024,231,9.444120082295962
1025,49,nan
1025,53,6.848982133868667
1025,75,10.718951732854041
1025,100,15.165542412564415
1025,124,10.373135890188635
1025,150,15.755286288721909
1025,201,15.177983003117898
1024,21,10.9034936558994
1024,45,12.777675823858406
1024,68,13.669938543561056
1024,90,17.055891209722727
1024,135,15.79542562226466
1024,180,16.18246888638399
1024,195,13.473551315834424
1024,203,13.869099500359612
1025,53,6.99734295464665
1025,71,11.736469934439086
1025,95,15.94063009692878
1025,143,16.10053489386916
1025,155,6.913333865777949
1025,190,15.254449135460128
1025,200,9.669855308581154
1025,217,10.289827508342757
1026,50,11.091405974012732
1026,76,12.325305379147732
1026,95,14.822541541019909
1026,101,15.0256776636913
1026,151,13.484335281247164
1026,176,11.194399772080427
1026,201,14.90872905568364
1026,219,9.40658053870665
1026,228,7.573515027248325
1024,14,10.178120123940545
1024,24,10.115442880821073
1024,43,13.283313144128288
1024,64,13.765666923018212
1024,72,11.083003457280558
1024,86,16.604001855909413
1024,96,13.363425923548187
1024,129,16.2368580031826
1024,144,12.909102683716531
1024,172,16.50354458355379
1024,193,14.605966940047006
1024,215,12.46036558113039
1025,46,8.91360939204501
1025,68,10.491904346079775
1025,91,16.372831355604365
1025,114,10.072780921633246
1025,136,15.988055948875829
1025,159,9.811955383376567
1025,182,14.513280701993585
1025,191,12.704009233889966
1025,228,10.270077136275582
1026,12,7.463413964016066
1026,31,7.981807340189611
1026,49,12.167585663555014
1026,73,12.736539927619663
1026,98,15.200857773799834
1026,146,14.22775890044181
1026,171,12.120942686801202
1026,195,15.314425324113659
1026,220,10.461079717470529
1024,20,11.178823982310817
1024,40,12.907847310857923
1024,60,13.67669545369475
1024,80,15.992399468675549
1024,94,13.492718716125863
1024,120,15.542702655302312
1024,159,15.952547295154925
1024,179,15.073093738461445
1024,199,13.361636134775823
1024,216,10.969515844588107
1025,20,11.477833601282722
1025,28,10.844197084184465
1025,62,12.653544310452835
1025,83,15.747748065567059
1025,94,14.825361754992876
1025,125,16.66105923235196
1025,167,15.504428163564308
1025,188,13.370605232380155
1025,193,9.41964465728444
1025,208,11.708248410873988
1025,229,10.824179293569468
1026,45,13.164482895839434
1026,68,12.63130722229668
1026,90,16.778091259133703
1026,113,10.883797021519843
1026,136,16.313156424779137
1026,181,15.742222219357858
1026,203,12.308993903993644
1026,226,13.655595504318804
1026,244,8.900607716391779
1027,49,9.948934978681162
1027,70,6.623433103866512
1027,76,12.558503327980283
1027,97,14.756166473688669
1027,146,16.09939096628195
1027,171,13.131909907546005
1027,195,15.641940903642704
1025,59,13.648020772775569
1025,78,15.328014985133676
1025,93,14.301248962095617
1025,118,16.45406585434379
1025,137,11.86998045168953
1025,157,15.22756202494448
1025,177,12.153049950290299
1025,216,10.897001166976064
1025,249,7.997540299777754
1026,42,14.264453844069411
1026,49,9.775638463064451
1026,63,13.742813884396629
1026,84,17.014902994755808
1026,126,16.989936685999176
1026,168,15.665807777666895
1026,189,12.300728094976757
1026,210,13.71258441422578
1027,46,10.846094313939387
1027,69,13.319360256609205
1027,92,15.277541343119976
1027,107,nan
1027,115,10.733206543438875
1027,138,16.453026562612806
1027,161,10.493453283004683
1027,183,15.576622016597124
1027,206,12.903015831971526
1028,2,9.904106134383396
1028,25,8.691024887902238
1028,49,12.638946863004342
1028,74,12.972196679186986
1028,99,15.401439386498893
1028,128,10.615793785944907
1028,148,16.223355548344188
1028,173,13.787331438944044
1028,197,15.578894120670462
1028,222,13.071587368869633
1026,39,13.998061471615982
1026,58,13.197356808419766
1026,77,16.715776563297325
1026,116,16.75303527883603
1026,135,12.362000886278114
1026,154,15.869981043723175
1026,174,12.126619364190383
1026,193,13.422437044532838
1026,212,12.636328555413323
1026,232,14.868354354948456
1027,62,13.147688640614778
1027,83,15.96700754319636
1027,90,11.01199312377789
1027,111,5.531511407383119
1027,117,11.141614971867762
1027,125,16.54552768877244
1027,166,15.919107296043924
1027,208,8.466298269639601
1028,23,9.830904289347115
1028,45,12.073825971178815
1028,68,10.63761918705006
1028,72,nan
1028,91,16.288430708225157
1028,113,11.046549792432696
1028,136,16.638066682602638
1028,159,13.091422037831148
1028,181,16.224686955918685
1028,204,14.425921754811387
1028,212,9.979009854843392
1028,227,12.625369576884715
1029,9,10.07321009106085
1029,49,12.248195848429022
1029,58,4.478884955278471
1029,73,13.41568267873315
1029,98,16.109158535475668
1029,147,13.899091036333672
1029,171,12.850217893332678
1029,183,7.693004804544342
1029,196,15.846503234519158
1029,220,13.594424641127942
1028,21,7.54741521534158
1028,40,10.312405858021052
1028,60,13.821969483102663
1028,80,16.057028247776792
1028,121,15.936688421494518
1028,141,13.155910835315876
1028,161,16.133792259220776
1028,181,13.3727211780914
1028,201,12.487046226560395
1028,221,13.003319858801452
1029,20,7.00740249811002
1029,44,12.968918396545055
1029,66,14.07972266435792
1029,88,16.260624482025527
1029,132,15.408859582794685
1029,175,15.946702322783429
1029,197,14.663775610036167
1029,219,13.27234891841467
1030,9,12.193122517141271
1030,16,10.32605891564631
1030,23,10.208677124845643
1030,69,13.893987694723478
1030,92,14.300147422189088
1030,138,15.569952802723524
1030,161,11.91006028292762
1030,183,12.658885643767945
1030,207,13.379452367222331
1029,23,7.486981867208915
1029,41,12.950599942952767
1029,61,13.037617222413903
1029,81,16.773454990222977
1029,121,16.517567869907545
1029,162,16.49373575634719
1029,182,14.047520936738348
1029,202,12.287808539596375
1029,222,13.803813634628375
1030,40,5.853564007160953
1030,46,6.969423408842466
1030,64,13.341650991259415
1030,85,16.076434858721214
1030,127,15.994310088799033
1030,170,14.63457002171199
1030,191,13.49297533258479
1030,213,11.84231704408576
1030,235,7.198485641464232
1030,248,8.288959857667887
1031,17,14.736654599939087
1031,60,8.431164652252749
1031,70,14.081423789970518
1031,93,14.861864097762584
1031,116,12.587508943599568
1031,140,16.246703488870548
1031,163,12.663867449370802
1031,186,13.871074932495915
1031,209,14.447677934088327
1031,20,15.84665172082266
1031,29,15.631908001535066
1031,33,15.138976049044748
1031,58,15.012997945178629
1031,83,16.28757301204072
1031,90,11.698774725793102
1031,95,12.086715773424654
1031,112,11.898614602466097
1031,125,16.921621570660463
1031,145,11.953806637449336
1031,167,15.616859661905035
1031,176,13.552386472568783
1031,229,11.934448758768317
