F2TN,17,7.280177286677203
F2TN,20,2.372155802253194
F3TN,42,11.765528409366283
F3TN,53,11.665447647996189
F3TN,64,10.125775649537365
F3TN,43,11.538848713225303
F3TN,84,12.166631641074899
F3TN,3,7.1613285888703615
F3TN,21,10.452602580920294
F3TN,80,11.3718516247749
F3TN,48,11.857472442952437
F3TN,84,13.315396765739798
F8KN,38,9.31563613786506
F8KN,15,7.4889957046548
F7TV,23,12.043506398335255
F3TN,1,5.624771708467309
F3TN,20,3.047038152348835
F3TN,63,nan
F3TN,59,10.588450601487033
F3TN,51,2.588322401872673
F3TN,63,nan
F3TN,72,nan
F3TN,1,9.180044169729317
F3TN,85,12.702085771161437
F3TN,47,nan
F3TN,81,13.82470406734378
FTGH,36,11.10266556292052
F2TN,7,8.811185587239839
F2TN,27,8.470757633914166
1286,96,11.561281352369253
1286,145,12.427828657687286
1286,194,14.943119093113737
1286,212,11.255756368694218
1286,220,11.599800787324053
1287,53,9.426792456267176
1287,55,5.398708358765316
1287,65,9.554610245769467
1287,108,15.743222862641419
1287,118,12.9725513149977
1287,170,13.572858808329613
1287,216,15.82960591009492
1288,103,11.606104770588924
1288,154,11.299030258967765
1288,175,11.215714832846796
1288,193,11.008473249141758
1288,209,14.688258895717608
1288,238,9.179799590370532
1289,13,8.188712584974736
1289,64,9.008653271799265
1289,102,14.059002078338786
1289,117,10.348197267859113
1289,137,11.2931054017775
1289,174,10.065798308053605
1289,206,14.977222348602844
1286,5,9.75844032131069
1286,29,10.00789093889079
1286,57,12.314965010801117
1286,86,15.622146952344906
1286,142,13.923344010669926
1286,163,14.207315749539799
1286,172,15.593107401299008
1286,212,13.556225136754264
1287,16,7.158472732283924
1287,32,8.416846313263198
1287,91,16.52578719977368
1287,145,14.148209437907482
1287,182,16.893840528568106
1288,49,3.721204501848728
1288,81,7.10813906673148
1288,92,12.73775405370396
1288,185,14.606995329676113
1288,215,10.981113038367274
1288,232,12.094888402436348
1289,26,10.297360238946798
1289,98,13.303296974291055
1289,130,9.930546332002464
1289,170,10.319814729660434
1289,181,10.767692566284445
1289,197,14.772009325912126
1286,19,15.817905218815188
1286,34,15.78347499942234
1286,55,15.848752359291483
1286,81,14.904663088190887
1286,106,12.8155537318808
1286,119,14.63021247546603
1286,135,14.444302036278325
1286,204,14.479998772966043
1287,71,13.756554064818951
1287,105,11.780891474101171
1287,142,12.364289719015565
1287,164,10.967051590328063
1287,175,11.936041697827172
1287,212,13.420947157959052
1288,33,9.403881099899522
1288,58,9.360933033510559
1288,73,13.476202909294056
1288,121,8.253099003989771
1288,133,6.9223249433323435
1288,146,10.6181653507393
1288,227,11.39732380302271
1289,16,9.483244153694631
1289,66,8.554528768374325
1289,84,15.674512676879752
1289,168,16.384231455516915
1289,225,12.367706309951224
1287,29,7.941615383541895
1287,69,13.994198730343442
1287,91,9.009377607068776
1287,112,9.192862693637615
1287,133,9.301603630150202
1287,138,9.863137935248027
1287,171,9.520797050940434
1287,211,10.739741569289263
1288,31,10.465650889991165
1288,71,13.359960808576858
1288,122,8.84171841171016
1288,155,9.682437183305447
1288,202,9.414678063129667
1289,39,11.273877210731396
1289,51,9.707587182495676
1289,78,14.070139221084126
1289,101,5.2413403196727595
1289,157,14.27526095019267
1289,189,7.938302106944873
1289,233,10.797764815326383
F8KN,39,10.530908639587988
F8KN,46,10.803322363518724
F8KN,27,12.90419122239637
F8KN,43,14.216673539198016
F8KN,46,11.309430707270586
F6TP,22,11.421659829873212
F6TP,18,12.053270799318192
F6TP,30,11.326452475221213
CCB,13,7.6131841545662216
F7TV,32,12.14962898379804
F7TV,43,10.789905056938187
F4TN,33,10.674786233170392
F4TN,36,11.276111177388577
F7TV,34,14.067533903876267
F7TV,28,13.863100211936136
F6TP,18,11.296723862981095
F6TP,29,12.053316427993902
F7TV,46,7.220012657849115
F7TV,31,9.194525138061246
F7TV,30,8.49667895873492
F6TP,18,8.315139281738
F6TP,38,8.906012097896511
F6TP,27,9.405592242790345
F4TN,21,8.066713134298851
F3TN,44,9.67535957632922
F3TN,49,8.835743583486158
F3TN,30,8.472593400509993
F3TN,82,10.826353788456572
F3TN,15,10.228817027056902
F3TN,48,9.384053283552833
F3TN,88,16.137536403357874
F3TN,56,11.43595811154109
F3TN,81,15.758264078594955
F3TN,52,11.457471927929369
F3TN,79,15.328067735162765
F8KN,33,9.600171398810938
F8KN,41,11.506681421127695
F8KN,19,5.065827401568635
F8KN,31,6.89282163891361
F8KN,40,8.071535191559553
F6TP,21,nan
F6TP,26,10.816597046993557
F4TN,35,10.615933692871955
F4TN,27,12.459900665717292
F6TP,33,12.676688083571959
F6TP,26,13.865291700095385
F7TV,34,10.319604752245704
F7TV,45,10.939726107041501
F7TV,21,9.633861233950723
F7TV,32,13.745801924811802
F7TV,2,8.029895428382094
F7TV,18,13.222309065159326
F7TV,19,5.8369310645513375
F7TV,35,10.696184288980799
1304,3,9.330306828073633
1304,6,6.675550145047849
1304,105,13.839171424876165
1304,139,13.905276954023076
1304,178,12.67389711519678
1304,210,14.432319974553081
1302,9,11.4939310131484
1302,67,8.967604011966042
1302,83,11.583007113124694
1302,101,12.793177619838493
1302,127,10.428361085662097
1302,201,15.697415499455012
1302,207,12.884148036603042
1303,17,15.095301327421485
1303,31,14.743343944288688
1303,38,14.255999568981863
1303,82,13.397800149500478
1303,102,14.940783296294779
1303,117,14.287267551538891
1303,153,15.140943958936932
1303,171,15.069584802969342
1303,196,16.766353358910745
1304,36,7.739413142715852
1304,51,8.416822831217257
1304,78,7.285265334882636
1304,96,14.339352169666475
1304,108,12.923892771994952
1304,138,13.03218476962396
1304,193,15.9944876144644
1304,211,12.884187343252488
1304,223,12.919440080044486
1304,235,10.657258263636207
1301,56,9.090385597358
1301,72,9.684937043096692
1301,75,6.390644747818399
1301,79,11.970416620563611
1301,89,16.964455591885905
1301,114,11.082419725566686
1301,130,13.478012308438858
1301,178,15.816685135201709
1301,214,11.968953791453831
1302,8,15.278821245261096
1302,17,11.544586772571874
1302,27,11.097001085257915
1302,87,16.231081012569117
1302,133,15.237471207420185
1302,174,17.071159257213097
1303,43,8.37378308140156
1303,47,11.44067683483091
1303,53,9.097680090990071
1303,88,14.787531347262966
1303,135,14.721756683187683
1303,176,16.709424476690174
1304,83,15.564462462864764
1304,100,12.718045539228553
1304,134,13.725160329210011
1304,166,16.871294340806497
1302,8,13.39019250686915
1302,69,10.75063852482761
1302,79,16.26209729655237
1302,123,14.450976034132239
1302,159,16.1019423321957
1302,214,13.848290703019607
1302,221,13.603393599597124
1303,24,9.35050027448178
1303,57,11.403076371867753
1303,79,16.768359333228485
1303,124,15.17214912571102
1303,140,12.017688027702922
1303,152,13.556223624729274
1303,159,15.3054654531576
1303,177,12.640161345696797
1303,212,13.064268802684849
1303,228,13.46623425381849
FNN1,22,9.705313907103967
FNN1,31,12.375489499674696
1306,27,13.798265578679398
1306,99,13.917089844484064
1306,123,12.337627559433606
1306,176,12.34618777567275
1306,199,13.589685464520642
1306,218,9.919712826857666
1306,229,10.308187722561923
1306,16,12.15193890301217
1306,90,16.043617334917055
1306,134,12.520415198168124
1306,142,11.024792115821576
1306,161,10.249654348097998
1306,179,14.682576129781479
1306,197,11.856835997632988
1306,16,10.982281970743959
1306,81,15.530265258750887
1306,124,13.258533954681686
1306,163,13.989656914382977
1306,195,11.934594939674186
1306,228,12.818513119192016
1185,42,8.879834298986601
1185,98,14.737886773363444
1185,163,11.065002024466056
1185,192,12.530687451429676
1185,196,15.18493377620482
F3TN,30,9.49172012373705
F3TN,79,10.449111508725261
F3TN,2,9.763916301222492
F3TN,28,9.505318820707556
F3TN,90,14.214002144553433
F3TN,55,10.304816291562824
F3TN,82,15.942284449625157
F3TN,87,13.399266456385668
F7TV,32,11.989075565435698
F7TV,41,12.005958078860884
F7TV,19,11.339256849940602
F7TV,41,11.6652173803082
1180,8,9.918340227629404
1180,73,15.67912672802647
1180,127,12.486436489973512
1180,146,15.095331490464874
1180,162,12.8372198383898
1180,219,13.996431123776102
1181,56,11.080795620375948
1181,80,17.111466946007546
1181,115,13.37907031082376
1181,160,15.720829315130306
1181,182,12.939764619603194
1181,195,12.776783529826474
1182,21,14.891772462090751
1182,30,15.060102279918524
1182,53,15.620907734530142
1182,91,14.882931542760202
1182,114,14.174627532202074
1182,134,13.611142476272178
1182,177,13.691328988447564
1182,182,14.275114507023353
1182,184,14.340805763100018
1182,225,13.136611881687939
1183,89,9.119706454419475
1183,100,15.348264208199486
1183,125,10.247122007390495
1183,191,8.290978768620029
1183,201,11.150219089351726
1183,215,11.071843264662748
1181,23,8.562209600417003
1181,52,7.8840378634561255
1181,71,13.887893240499418
1181,93,13.126015975355392
1181,125,8.591611939265714
1181,142,12.78640968780408
1181,168,11.57070052730624
1181,212,13.054749872649484
1182,30,4.972811514496797
1182,44,5.288179416713035
1182,60,nan
1182,76,16.064781994058528
1182,127,7.472354618881807
1182,136,9.781251919977006
1182,153,13.38626241256318
1182,163,7.449050928820668
1182,229,13.453601405002226
1183,35,11.820921430311348
1183,87,15.371918721991749
1183,117,10.594733212578884
1183,121,10.843594562027965
1183,173,15.100502265510574
1183,199,12.92160929691038
1183,226,11.582239541072127
1184,41,8.495890882754804
1184,55,9.799396836589993
1184,82,8.69248042426914
1184,95,13.517248630369023
1184,142,11.167605366585512
1184,164,9.808604752639587
1184,190,10.72252651572889
1184,7,11.011939305635213
1184,42,10.780961253863152
1184,53,10.947515609798117
1184,62,12.250255352498593
1184,77,14.64019454423427
1184,121,14.124924367216327
1184,129,14.444334518562854
1184,153,15.947728219966326
1184,182,13.69575227791524
1184,212,13.798228012290908
1184,230,13.045835698552645
1185,25,2.551598305768386
1185,44,4.014769229885823
1185,55,3.2648268795194975
1185,83,13.162608481846288
1185,121,11.9381749055069
1185,143,9.757557273426741
1185,162,8.135703967003666
1185,167,13.67593949597705
1185,201,8.186995218566384
F6TP,27,12.311601764831352
F6TP,37,10.809643420153002
F6TP,22,12.248345795963136
F7TV,22,12.505319556396653
F7TV,36,12.617212799063164
F7TV,31,12.995826366663838
F7TV,16,10.57399259774256
F7TV,27,12.15730235479908
F7TV,34,13.10006693275069
F4TN,24,9.65890360071705
F4TN,26,9.757517201551563
F6TP,19,12.279899778061687
F6TP,27,11.689978040441286
F6TP,30,11.628933998345287
F7TV,19,8.992100188303173
F7TV,35,11.602346341240292
F7TV,33,12.031038480519548
F7TV,41,11.331255269103275
F7TV,29,14.133832506132084
F7TV,34,13.299621214214397
NEA2,14,9.171899543810133
FNN1,33,10.09386713522166
FNN1,30,13.93184697094405
FNN1,25,9.78271099728907
FNN1,37,11.513918218865836
FNN1,41,9.922501623561441
FNN1,46,6.371688655839174
FNN1,36,10.451465272815724
1244,27,9.444382023134631
1244,39,9.276438470210646
1244,66,8.292366025948004
1244,100,10.20521864999937
1244,104,14.323984826519599
1244,145,-1.8196201418421016
1244,208,13.819268964450039
1245,20,9.611992005678548
1245,43,9.558097290164149
1245,100,14.892239250528934
1245,106,10.391683401379419
1245,132,10.663471917144104
1245,165,12.859512087086317
1245,200,15.799051458916535
1246,13,12.10125653981372
1246,67,12.659776783949933
1246,97,16.445413305058448
1246,163,12.568993915957595
1246,180,12.76072247088126
1246,194,14.07605120666692
1246,218,10.809811287855439
1246,225,11.95400621082035
1243,13,9.435366120153963
1243,34,9.832362377302317
1243,67,9.274052072006565
1243,100,16.021323676872175
1243,133,11.174481305867566
1243,201,15.174188717651651
1244,50,10.989290214549232
1244,63,10.660759065834498
1244,99,15.029852258183116
1244,118,11.040036553537185
1244,123,10.980182957995034
1244,179,11.60142483008494
1244,198,12.495367245021729
1245,93,14.60201542058411
1245,131,12.409877848709668
1245,187,15.96063595243498
1246,91,16.82619377283009
1246,154,13.553741533075108
1246,182,16.09023803206462
1246,211,13.807202041268845
1243,13,12.436785221953448
1243,94,16.847733773832193
1243,133,11.840304048283786
1243,170,12.937286442801142
1243,188,15.970839199189172
1244,7,7.293470262192216
1244,19,9.955015817116955
1244,54,10.146590035944032
1244,61,10.655335745486019
1244,86,12.433701219563414
1244,91,15.842555394306956
1244,122,11.981785407579943
1244,182,15.036867834118386
1244,223,12.505881608050636
1245,43,8.015208913703402
1245,86,15.001915281373355
1245,106,8.728521015952591
1245,133,12.850179435890738
1245,173,16.47690378073058
1245,214,11.57722566616328
1245,225,10.983193069400963
1245,233,11.273878464188554
1246,43,9.673649133599433
1246,53,11.75970103674131
1246,85,16.513709992744406
1246,116,11.888125773887007
1246,135,11.781188635203533
1246,140,13.254915502889336
1246,155,13.200841808509843
1246,169,16.205280015948777
1246,191,11.456447093146167
1246,216,12.42176547456452
1243,23,14.681385806702
1243,46,11.783661782569544
1243,87,16.598516146562066
1243,129,11.667048970533395
1243,174,16.205569686008083
1243,227,10.915656789167393
1244,61,10.633077365986663
1244,84,15.608272454639163
1244,116,11.75365896003421
1244,169,15.84588796525924
1244,187,11.989497573450784
1244,203,12.594977956970991
1244,225,12.257452045952373
1245,81,15.85702958999364
1245,162,15.197257449978135
1245,201,12.097871257551859
1239,45,11.511000169619443
1239,55,8.949323618177864
1239,82,12.423543649051128
1239,96,16.96288664534677
1239,161,15.090282911439715
1239,193,16.700240045903676
1239,220,14.824223462427817
1240,27,10.05646592614507
1240,52,11.773052056288037
1240,69,13.645882277427141
1240,109,15.582419149612775
1240,137,14.56968508857209
1240,182,15.677260790379277
1240,218,16.54564022345116
1241,25,7.957370343508005
1241,56,13.2690652589889
1241,93,14.704386644351008
1241,116,16.3863930013127
1241,144,13.78247189802222
1241,162,15.0904250138435
1241,166,14.507164388926041
1241,203,14.62809823248989
1241,233,15.571769129010608
1239,46,12.6612891870381
1239,54,11.669387512245866
1239,81,16.595417862374596
1239,110,13.094653506412024
1239,162,16.41228594371672
1239,195,13.81318421077222
1239,225,14.262033248330706
1240,22,10.898387741694311
1240,29,11.643710255762356
1240,52,13.193185890029433
1240,83,17.599136223113256
1240,113,15.680173861218229
1240,138,15.872082426763436
1240,167,17.276923815799304
1241,27,11.86212590753514
1241,50,14.560043381906029
1241,56,15.028015734769692
1241,67,15.186867285519636
1241,92,15.664910341868083
1241,100,17.867728633978302
1241,133,16.23189949362098
1241,164,16.367662201577613
1241,199,16.635788502579814
1241,226,15.621194599681186
1242,111,16.689904864398034
1242,127,14.252805562028662
1242,172,14.34927408407402
1242,185,15.0771062790107
1242,202,14.983364127877419
1242,222,16.595712382843924
1240,51,11.817572288290489
1240,77,17.14716343892819
1240,115,15.04420701341811
1240,154,15.694211071702151
1240,169,14.580170150003744
1240,204,14.33048202192294
1240,222,13.427554759900847
1241,59,15.575100493931004
1241,84,17.553602223942733
1241,107,15.699160309814166
1241,133,16.203515016081578
1241,150,16.265306209510072
1241,155,15.808591850648552
1241,167,17.897040811722935
1241,187,15.983444248761547
1241,203,15.968958853253936
1241,221,15.87567942173812
1242,40,9.529695467860366
1242,78,13.895720274456663
1242,102,17.31818875428011
1242,132,15.172931581769173
1242,153,14.515407709728414
1242,163,14.49092678937175
1242,204,16.84092026709134
1242,231,13.537127794313665
1243,23,8.261732208015925
1243,64,10.874657214659285
1243,103,14.510305736435338
1243,187,13.86138889403635
1243,206,16.453695863864514
1240,25,11.30956582137694
1240,54,12.411949739714736
1240,74,15.599274858200367
1240,122,14.484611095046166
1240,148,14.933288193317281
1240,166,13.132284206134637
1240,191,13.361700995394239
1240,201,13.045044647262722
1240,221,14.70835047499476
1241,26,12.683246398178351
1241,50,14.599941724910362
1241,75,17.063626241654596
1241,100,15.052274012856975
1241,108,14.94760955555841
1241,150,17.34008908677354
1241,163,13.827952281273483
1241,206,15.59668835619052
1241,225,15.903186034045696
1242,88,17.706048972275244
1242,175,17.395654895738677
1242,209,14.31419994415834
1242,232,12.334352390170286
1242,246,11.118866919233358
1243,50,10.74616845083524
1243,63,11.90551370945635
1243,95,17.34878308356167
1243,126,13.85854290251822
1243,152,13.536301387729917
1243,189,17.383872549820737
1243,220,12.863506612267434
1241,36,11.678457390935328
1241,53,11.122546751227969
1241,73,15.774664835518147
1241,121,13.629456733418689
1241,131,13.72596886825361
1241,145,16.14993401753739
1241,193,14.442671387206179
1241,217,14.830864963400593
1241,225,14.117241209595973
1242,78,16.74748943792933
1242,106,15.071849350683241
1242,156,17.229884241587616
1243,22,9.59971575011056
1243,37,10.25108914167232
1243,45,9.414735963818185
1243,58,11.71781642987928
1243,86,16.03490273779172
1243,138,13.614090429410847
1243,173,17.27502196212798
1243,200,13.365369892721066
1243,225,12.414857176658217
1242,75,16.288046790411734
1242,109,14.611261501718015
1242,130,15.432110435494122
1242,154,15.32023349375432
1242,224,14.993024168789935
1243,27,10.961148605569814
1243,81,16.692258998993847
1243,132,12.929103939922777
1243,148,13.208058977753792
1243,163,16.475448062810752
1243,174,13.224059821926119
1243,186,13.480600878641958
1242,25,8.629527267958712
1242,37,9.75073863437294
1242,73,15.205608106252406
1242,127,15.177631696588556
1242,146,15.072451194083056
1242,219,15.401749369445747
F7TV,38,9.911459281242475
F7TV,47,9.405747000106906
F7TV,31,11.503992156919537
F7TV,28,13.050520780149666
F8KN,36,11.381406355575074
F8KN,44,11.679170775543295
F8KN,35,14.459089860102923
F8KN,31,13.268390436739972
F8KN,45,13.579548267023585
F8KN,26,13.865467489173396
F8KN,40,12.619389137483456
F8KN,25,13.039255220455054
F4TN,29,10.564757407140007
F4TN,35,8.85974186075284
F5MN,33,12.933594977169431
F5MN,29,13.182386843432512
F5MN,43,11.558514307256269
F6TP,21,10.32279685144652
F6TP,32,11.810634906637345
F6TP,27,11.286314396555595
F6TP,39,10.329865853551874
F6TP,25,11.730554083669738
F7TV,1,10.74162616631941
F6TP,47,9.101098419919353
F6TP,32,11.615373313730244
F6TP,36,11.593403523427979
F6TP,19,13.137407742078038
F6TP,36,9.199011599936348
F6TP,38,9.334579639812343
F6TP,33,13.199037970025449
F6TP,28,13.64478405170119
F6TP,25,12.16074983290117
F4TN,29,9.99206718470063
F4TN,47,9.02162868997912
F4TN,21,11.649970781561814
F4TN,43,10.934097487609941
F4TN,29,9.401882944704948
F6TP,31,9.158204833246252
F6TP,38,6.946679294688293
F6TP,19,8.3064701557286
F6TP,29,9.662073555835581
F7TV,34,13.104265557509509
F7TV,31,13.53317467984014
F7TV,29,13.551187089233334
F7TV,27,12.6747788486332
NEA2,4,9.208419116501137
FPAP,41,12.346537763581775
FPAP,29,12.39242301507934
FNN1,38,13.002279258485139
FNN1,34,12.267989513257774
FNN1,17,11.142350490466235
FNN1,26,12.72422530418064
FNN1,9,-5.413812909863167
FNN1,27,9.614689766063648
F7TV,29,11.76688641438178
1155,84,11.983502761453067
1155,142,7.660763694311258
1155,153,8.529049623119587
1155,168,11.045135248964474
1155,248,8.604139929214782
1156,16,15.352180872798895
1156,46,11.435223842885502
1156,80,13.916956098400345
1156,138,7.933101089639189
1156,160,12.878608161238354
1156,198,5.847146425118927
1157,43,5.9166159230861055
1157,78,14.875581335891749
1157,119,7.897044864859354
1157,156,12.094136835578496
1157,196,6.854247456538507
1157,233,9.074581030057587
1158,32,9.919027295489148
1158,63,8.33993981388469
1158,77,12.394978892031112
1158,94,11.220596685115527
1158,105,9.520581588514421
1158,117,11.118210405951137
1158,131,9.843589355241665
1158,152,11.932164110073893
1158,185,9.7338396073982
1158,187,10.992634381669992
1158,220,10.239351651979089
1153,25,nan
1153,38,7.18487101189853
1153,72,8.19518588240114
1153,85,12.3538247706939
1153,105,9.510005894923493
1153,117,6.125861928013249
1153,138,7.984566802970578
1153,169,13.391551423322525
1153,212,8.002055383436453
1154,16,14.217450256806147
1154,41,12.371584559097396
1154,66,11.929353721451545
1154,81,13.46895888984806
1154,107,10.96333584570947
1154,131,10.74471521240902
1154,163,11.831400807556228
1154,218,8.418833471281914
1155,53,8.515044204336142
1155,60,9.086036711550518
1155,79,12.298976532187964
1155,105,11.816270381376931
1155,142,7.053655229979682
1155,157,12.98698391063449
1155,210,11.749135415161208
1156,13,13.112794751272991
1156,22,13.577322691505776
1156,70,11.11338752029706
1156,77,12.591931383337556
1156,97,10.844027678172449
1156,162,10.986525928539976
1156,188,10.80854822389304
1156,230,12.197135875082681
1151,21,15.842669573406987
1151,42,14.510675788535693
1151,50,14.653748091894913
1151,72,13.28834695088851
1151,81,15.151830812097085
1151,98,12.711311492376666
1151,131,13.152330238227435
1151,161,15.433234886444744
1151,211,11.2818949138068
1152,40,6.714505502776108
1152,51,5.422040071485671
1152,79,13.44788050822886
1152,97,0.9078132890896913
1152,126,6.720429667298919
1152,146,3.409434555153656
1152,157,12.794412510326776
1152,236,9.42708753936364
1153,55,5.949999507664758
1153,65,4.665962371032754
1153,77,7.377343605448985
1153,101,nan
1153,154,11.320298426794213
F7TV,22,8.908840320859477
F7TV,38,12.477713889233982
F7TV,15,9.900446182796513
F7TV,22,12.194683614744166
F7TV,39,13.755320266477204
F7TV,29,12.049556554903223
F7TV,31,11.960665622845454
F7TV,19,9.96466105545754
F7TV,35,13.10185875253271
F6TP,36,9.40650249603754
F6TP,6,-0.9199707364261314
F6TP,18,8.262801990412266
F6TP,16,8.285777899278362
F6TP,21,8.886587189908436
F6TP,26,9.421945248820931
F7TV,34,14.052146860232586
F7TV,31,12.527859600168423
F7TV,44,11.795461344281124
F7TV,32,12.622389534480227
F7TV,25,14.036702003653708
FAPT,36,10.990207915545902
1301,70,8.161556530352673
1301,97,14.415245101978753
1301,194,14.931554276951996
1302,13,13.168759444235306
1302,35,11.029532772902332
1302,53,10.922381160384212
1302,98,13.727175167354824
1302,134,10.965002426363668
1302,171,8.73194191944026
1302,181,10.203542207100057
1302,196,14.712816883117156
1302,226,11.785253401306546
1303,33,8.84052534473218
1303,41,10.86807328755565
1303,98,13.828247976723262
1303,131,11.792850523699594
1303,196,14.094029552847616
1303,218,10.054674250116243
1303,226,10.957646925780665
1304,36,11.597914797091535
1304,53,12.905463631963308
1304,79,11.789769279377433
1304,93,14.993279005181325
1304,155,13.265810731389315
1304,169,13.485331260120873
1304,185,15.435457736403965
1304,226,11.90732454597807
FAPT,11,10.067124308515776
1301,22,11.942479714800193
1301,89,15.987046232925486
1301,119,13.978047594936587
1301,127,11.700154197319858
1301,179,15.712394222417858
1301,220,12.941796225722435
1302,27,10.673218827397932
1302,49,8.273390311279542
1302,88,15.593219752101245
1302,125,8.160387542857668
1302,162,12.05357853655361
1302,176,15.696499617103356
1303,30,11.918249541467343
1303,60,11.12505491922959
1303,89,16.26122489040548
1303,118,9.003065067693804
1303,136,12.261325414011665
1303,179,16.226307842294098
1303,214,12.700334757306983
1304,11,10.890126837397036
1304,80,12.6386485230257
1304,103,9.412489503269482
1304,106,11.533488985880016
1304,135,11.468594973236838
1304,152,11.80130577276082
1304,171,14.681373162960401
1304,196,12.275130934535827
1304,218,12.428163254076054
1301,22,15.026004261838612
1301,37,13.322853161175072
1301,50,13.730994640049758
1301,65,12.232495697022944
1301,67,10.839971955083826
1301,83,16.999592323829937
1301,132,13.756014160628201
1301,167,15.6282137538395
1301,215,12.730708655152945
1301,224,12.30646025189592
1302,18,12.885606542106231
1302,32,13.460302130998873
1302,62,15.000200078431229
1302,82,15.78176125772045
1302,143,13.162410271632368
1302,163,15.807706779350879
1302,232,9.530621383335056
1303,28,11.586087705286076
1303,51,9.04097422956953
1303,83,15.88287919738686
1303,142,10.844470350109464
1303,165,15.935688814075304
1303,195,12.550687196231404
1303,243,7.095740508443464
1303,26,11.472796040450365
1303,54,10.507225189697262
1303,77,15.424261773933033
1303,114,11.131517948131492
1303,131,12.789211316814853
1303,154,15.16678736519574
1303,199,13.009232341509438
1303,213,12.296996759290524
1303,223,12.32713071224353
1303,236,7.194836187212229
1306,25,12.695817730098415
1306,41,12.48298303797709
1306,78,12.057455652405295
1306,104,13.91834772723088
1306,204,12.615217979986063
1306,208,13.972630999428478
1306,10,7.907823232935332
1306,84,14.581643528981907
1306,141,10.994053698435645
1306,168,15.16440925725858
NEA2,14,6.529204192974528
F7TV,10,11.873645610463903
F6TP,24,12.905034053405142
F7TV,17,10.465281422120876
F7TV,43,12.588621069438883
F7TV,30,13.314129870219718
F7TV,28,14.444745016266523
F7TV,21,12.125108862757948
F6TP,24,11.497810396254856
F6TP,36,11.71219358621358
F6TP,32,12.253568734933665
F6TP,28,13.81129205929489
F6TP,26,12.494640514084018
F6TP,37,10.900489742552281
F7TV,40,12.179197452567712
F7TV,39,13.417299670512921
F7TV,20,12.3276965018123
F7TV,27,13.46503547221436
F6TP,33,10.547515711683403
F6TP,26,12.923510400098571
F7TV,34,12.50040267772542
F7TV,30,13.208500437357655
F8KN,14,7.1998828719899555
F8KN,30,9.873854719290481
F7TV,30,9.906354602178041
F7TV,1,9.805515878651711
F7TV,29,10.596547263409752
F4TN,28,9.975588955843993
F4TN,14,12.267934439329736
F4TN,22,8.62110985914293
CCB,24,9.06915387919078
CCB,15,9.698001782370845
F8KN,33,13.002370108233139
F8KN,31,13.598112345275029
F8KN,28,13.17695990206243
F8KN,38,11.733413381350788
F7TV,11,9.976969517940933
F7TV,30,10.853615140719368
F7TV,18,10.30112213713747
F7TV,34,6.953178691380009
F6TP,20,9.00214704879832
F6TP,45,10.016468034586987
1304,84,8.725378650167904
1304,94,11.605323146893532
1304,99,14.849143536381382
1304,131,12.524866551694828
1304,201,14.542272976700335
1304,218,13.58944195209621
FAPT,22,11.498095119052685
1304,22,11.026601105658894
1304,89,14.73154580229227
1304,133,12.954325903006163
1304,177,16.431517127316916
F7TV,21,7.471160173503373
F7TV,15,nan
F4TN,39,0.3352775975264291
FPAP,20,4.596852014440007
FPAP,23,8.891285968148814
FPAP,23,9.407994459893041
FPAP,31,9.209910946361218
FNN1,19,8.067909895552157
NEA2,8,7.488987254284241
FAPT,40,8.49078133674632
F6TP,1,8.233365496223048
F6TP,27,11.891978672968735
F6TP,33,9.863648491453949
F6TP,26,11.336829802569559
F6TP,43,10.197766980833467
F7TV,35,11.626055477254543
F7TV,5,10.093040333977026
F7TV,26,9.266890501456462
F7TV,35,10.559309956024492
F7TV,18,7.939986411174143
F6TP,18,9.601910631178894
F6TP,34,7.824521324229751
F7TV,6,7.760644528329528
F7TV,27,9.095030863695419
F7TV,20,9.616818281592616
F7TV,11,10.020190055433373
F7TV,34,10.328378397698701
F7TV,43,10.438378932354643
F7TV,34,8.685237539923348
F4TN,30,8.832710853238844
F4TN,15,9.366122403179729
F7TV,10,9.416022472642595
F7TV,31,9.222714794715912
F7TV,34,11.061751718240394
F7TV,13,9.083032137109475
F7TV,25,8.780586510164687
F4TN,27,10.569239443923024
F7TV,6,8.438563766136266
F7TV,22,1.0451814834271602
F7TV,17,6.479541599404282
F7TV,11,13.212864766537113
F6TP,18,8.536509685487205
F6TP,33,10.645348649203566
F6TP,21,9.785137594403352
F6TP,12,9.232422924236426
F6TP,25,9.551651053103479
F6TP,28,9.024196350712137
F7TV,25,8.786105177381142
F7TV,9,8.621769106966532
F7TV,33,11.725309686371562
F6TP,20,10.470521364260183
F6TP,26,11.008304515543312
F6TP,37,9.77251214154701
F6TP,28,12.40390888013332
F6TP,36,12.140132568650978
F6TP,49,8.152371578127923
F6TP,27,12.33958316452721
F6TP,32,10.796549078669946
F6TP,34,12.702067426228492
F6TP,9,3.4616007266160977
F6TP,31,13.68293972337711
F6TP,27,14.745702693882352
F7TV,34,13.859931757865693
F7TV,19,10.781706003869507
F7TV,16,11.084013731111998
F7TV,28,10.702865619140143
F7TV,18,9.009748542097993
F7TV,38,10.046983086365222
F5MN,12,8.365137056086295
F5MN,36,11.325222000758647
F5MN,33,12.121330112509373
F5MN,45,8.35247821508955
F5MN,19,8.727059145417986
F5MN,31,11.498031610068743
F5MN,32,10.387301956731022
F7TV,24,7.9600349833642206
F7TV,36,10.400809792909001
F7TV,33,12.834233363703566
F7TV,35,10.392002546370165
F4TN,2,11.557496008120633
F4TN,21,9.499464142964635
F6TP,21,13.546398983744778
F6TP,21,14.209494374918467
F6TP,19,13.285100118602474
F6TP,41,6.549605136754419
F7TV,31,12.042542971737035
