CUT,9,12.860236479903612
1011,57,14.143384887214856
1011,64,14.063494037812035
1011,85,14.549313975460107
1011,128,14.12190828114587
1011,148,13.649651027052537
1011,192,13.267013259019134
1011,206,13.948233356517562
1011,213,14.078151397227117
1012,14,15.190534817173315
1012,52,14.366085316366801
1012,58,14.523620804810362
1012,77,15.577804570746455
1012,97,15.261398535288127
1012,104,14.722313421080166
1012,116,15.465837827726341
1012,135,16.278138084774817
1012,174,13.167449716560519
1012,193,14.722168261340638
1012,212,13.824708659306165
1011,1,4.963369531831475
1011,29,10.002481535511503
1011,41,12.679019309298532
1011,56,14.658855765626846
1011,62,15.125714552612482
1011,83,13.879517939985824
1011,103,14.789854501152814
1011,111,11.8840858477014
1011,124,14.354587684173271
1011,146,14.164161206299086
1011,166,12.271780907804345
1011,200,15.12236361686404
1011,227,13.14652232312962
1012,9,14.011750719798652
1012,14,13.379609804770533
1012,35,14.103243901056196
1012,48,13.346515699580042
1012,71,14.733165502917497
1012,89,14.500879201625043
1012,96,16.0979383013524
1012,106,15.315739293975795
1012,143,14.514467687631896
1012,159,14.017746772640438
1012,177,14.012344306001534
1012,195,14.660558118628684
1012,213,13.823671501490221
1010,51,9.150845033066862
1010,58,13.699270403977415
1010,77,8.623020120739797
1010,86,14.262913455729613
1010,107,13.47792600149841
1010,128,13.261910934012954
1010,149,13.570545652115554
1010,193,13.67905744097251
1010,208,14.06115136435224
1010,215,13.530370240714271
1010,236,11.325524231160525
1011,20,8.782586621789884
1011,39,13.914832127250033
1011,52,15.91911251186243
1011,63,13.572227082055537
1011,97,15.496398612375714
1011,105,14.586143765780308
1011,136,15.303573037080412
1011,140,13.47287271877834
1011,195,13.086546455543273
1011,214,15.738505130912635
1012,32,12.707128335104747
1012,43,13.47068497931835
1012,62,12.88944591570563
1012,80,15.107620061889822
1012,87,15.56789910676207
1012,96,15.608069926620502
1012,113,14.60435322787461
1012,130,14.330695715069073
1012,145,13.267536069724166
1012,161,14.678656565172762
1012,177,14.701308310337545
1012,193,13.541211554643285
1012,209,13.815133974163285
1012,225,13.750505028613473
CUT,16,11.046284543635949
1009,18,12.803900156951418
1009,40,13.225627136169836
1009,87,13.223722549697518
1009,111,12.164885971912163
1009,131,12.67247537805548
1009,153,14.457332733907792
1009,162,10.921994936643253
1009,187,12.455607138562105
1009,212,12.520979690316981
1010,56,13.857865304861988
1010,83,15.054930510956265
1010,104,14.87139216369358
1010,116,11.391220090910789
1010,125,15.16908859387685
1010,146,15.196943757905807
1010,167,13.849244599732662
1010,188,14.258538415657886
1010,203,13.886090919777992
1010,209,15.03102494041324
1010,221,13.571069748517479
1010,230,15.468550741137543
1011,31,13.119947003521355
1011,51,15.650084984699681
1011,68,15.184261177165709
1011,103,16.295528805163908
1011,120,14.579757170311867
1011,138,14.056864112372804
1011,142,13.678138382587212
1011,154,14.609366693007926
1011,171,14.638731510266219
1011,188,14.7829350006174
1011,222,14.91446339591873
1012,40,15.297106162105765
1012,45,12.342801917582502
1012,59,13.544039562372204
1012,74,14.72619400584982
1012,79,14.563143510776635
1012,88,14.890323596258426
1012,103,16.085450632028603
1012,118,13.895856329375537
1012,133,14.072618756041589
1012,147,14.988666938673427
1012,177,13.829801570657775
1012,191,13.419277524882618
1012,221,14.478979407269613
CUT,4,nan
1009,59,15.323173332824924
1009,66,13.69127704061292
1009,87,14.478807134470973
1009,99,10.934853857531719
1009,109,14.895085238605725
1009,131,14.823138645838405
1009,153,15.26695262674906
1009,180,12.707219322314145
1009,197,13.363249923289116
1009,212,14.011489456813111
1009,228,8.749033887449084
1009,243,9.161352320605516
1010,34,12.258852099816577
1010,51,14.93339601993471
1010,75,14.74479816581702
1010,94,15.907990485020013
1010,113,15.822544652680438
1010,132,13.630380626230208
1010,170,13.808437045177197
1010,188,13.606645560000734
1010,207,14.710460985975772
1010,225,13.541268827599886
1011,18,12.22855810027787
1011,26,14.144962390026157
1011,29,14.70772009123543
1011,41,14.427953314427352
1011,51,14.083349877244107
1011,60,15.45016697774293
1011,74,15.415901290785406
1011,89,14.636972079327734
1011,104,15.675831137418278
1011,121,15.312253153397036
1011,134,14.735866213609224
1011,149,14.68548650212091
1011,164,16.226581453450134
1011,179,15.509737864798005
1011,223,14.188665619179623
1008,39,13.170859172627953
1008,59,14.584811979496585
1008,88,15.22230843584109
1008,132,15.272731231914094
1008,154,15.566111067584538
1008,174,13.740734857618717
1008,197,14.05647678892368
1008,213,15.33109376081355
1009,40,11.180750424772413
1009,54,16.080969278700113
1009,59,15.78080117717243
1009,79,16.509000218407362
1009,99,16.496188472217444
1009,107,16.33173035035741
1009,119,17.15170339754133
1009,138,16.864209953319055
1009,179,14.576921391926556
1009,198,14.904333886492271
1009,218,15.874362982774993
1010,39,15.948386598827298
1010,58,15.743906266228695
1010,73,15.435071156269329
1010,87,16.349966698969695
1010,102,16.600591532791075
1010,118,13.51014059941491
1010,131,13.842409260184143
1010,145,14.716660735020671
1010,160,16.111761664822055
1010,175,14.753774080063096
1010,189,15.342735070946734
1010,204,14.878495652790043
1010,219,14.799549700275865
1010,222,13.450087233884194
1011,8,nan
1011,37,14.555270912015871
1011,68,12.872027697636618
1011,82,14.898433989737235
1011,95,13.745160458068902
1011,123,12.938692597747629
1011,128,9.951646379034404
1011,132,12.986987697644066
1011,150,14.92109786779336
1011,163,14.268071775503426
1011,177,13.398690616968114
1011,204,12.56163669423023
1011,231,9.402515176392338
1007,33,13.957336268215123
1007,58,16.398321103480153
1007,64,15.78455543185412
1007,86,15.68102505180001
1007,107,15.292634950552513
1007,116,14.057929478076346
1007,129,15.202554851462564
1007,150,15.905317656287192
1007,189,12.608552486943374
1007,193,12.998636148597694
1007,208,14.914478036690735
1007,215,15.40036254958018
1008,19,14.716272514867423
1008,58,16.74388544960284
1008,86,16.776731037638882
1008,108,15.925345409879949
1008,116,16.060389240736583
1008,129,16.065612213640982
1008,150,16.650327634416517
1008,175,14.95735074227646
1008,190,15.735798726701727
1008,209,16.877819998074344
1008,237,13.190684728295352
1009,13,11.653234669793491
1009,26,13.324251617891036
1009,39,15.687257592138959
1009,58,15.840279215589998
1009,72,16.29476362126393
1009,78,16.216964156953207
1009,87,15.806835276551185
1009,101,16.921614132969033
1009,116,15.730547556719007
1009,159,15.899440986925672
1009,173,14.935501446109395
1009,188,14.951557847518925
1009,202,14.859478116884905
1009,216,15.092960463862187
1010,36,14.349685280738973
1010,54,13.438684747217449
1010,73,14.178756728432244
1010,81,14.697813285518171
1010,94,14.895967085851908
1010,108,13.46323956943321
1010,121,13.802794122869216
1010,135,14.336147921861368
1010,148,13.876209452462835
1010,162,12.997884467517506
1010,167,12.924913304053119
1010,189,13.365661533661546
1010,202,13.918210763477742
1010,216,12.873837916166057
1006,31,11.544886922215372
1006,55,15.846085289586402
1006,81,15.069672554436819
1006,102,15.253306031331185
1006,110,15.211045259393991
1006,122,16.87168980988709
1006,143,17.38994861417457
1006,198,15.717884082576175
1006,225,14.134741077566567
1007,19,14.381626546110652
1007,39,14.992822635499689
1007,53,17.8984402342429
1007,78,16.828269536262283
1007,98,16.86317679328444
1007,117,17.646991744271737
1007,137,17.865818676063967
1007,158,16.288446045851785
1007,176,16.136098492977364
1007,196,16.2409596096831
1007,216,16.186082225342503
1008,13,14.556196715976029
1008,20,13.809053980887857
1008,38,17.03130563844596
1008,56,17.57334991070843
1008,76,17.825656165258952
1008,98,17.778850492486836
1008,112,17.06055211442732
1008,126,17.84612793772878
1008,154,17.166679616799424
1008,223,16.180721082011956
1009,15,nan
1009,24,9.299951321049388
1009,66,14.32763676240281
1009,79,14.565514101142869
1009,92,14.910126328105754
1009,105,12.763030730166134
1009,119,12.662654588528635
1009,132,14.004497707940287
1009,145,13.810811695652287
1009,158,13.504217467917252
1009,171,13.910405655684725
1009,184,11.545404634399045
1009,198,12.984966192083354
1009,210,11.893394195664772
1006,38,14.412474023504293
1006,51,14.877399455429675
1006,75,15.44921612620171
1006,94,15.902578365348248
1006,113,16.8646361968917
1006,151,14.838785619920857
1006,188,14.68352393767345
1006,207,14.637650402411724
1006,226,15.59059994660263
1007,42,17.43124480272692
1007,62,16.754861177057276
1007,78,16.93979790423917
1007,94,17.50739467250219
1007,108,17.303616863692113
1007,124,16.93581167208756
1007,156,16.449932075414942
1007,172,16.234274341677033
1007,202,16.96457409957814
1007,219,16.58922793162009
1008,35,15.9098321569183
1008,52,15.785962991800577
1008,65,16.462614949078464
1008,78,16.25041126648771
1008,92,16.652837368063988
1008,105,16.08011462420909
1008,131,16.59532558169274
1008,144,16.416226730567686
1008,169,15.403628821054511
1008,183,15.540049887421779
1008,196,15.697529608222263
1008,209,15.613831643277248
1008,222,16.393792793515075
1008,235,15.687966076762434
1009,26,6.9251334382541145
1009,52,8.82489984263626
1009,78,13.685799480088136
1009,91,13.843549615804108
1009,104,10.371469502089433
1009,110,5.617044732069941
1009,117,13.199786698478746
1009,154,7.569823015630995
1009,169,11.305619309326197
1009,208,8.545138626657575
1009,227,9.015140161898284
1009,242,8.888583682503768
1005,33,11.930141823475651
1005,50,16.62533079732939
1005,56,15.146240527219144
1005,74,15.287613794470772
1005,100,15.83878336283852
1005,111,16.515687783094545
1005,130,15.939654217427579
1005,150,11.830070184499599
1005,185,13.228195556825415
1005,204,15.33817304634681
1005,222,13.508171609432368
1005,229,9.616446292679674
1006,44,16.590672151333827
1006,64,15.526722101166971
1006,80,15.66587329479326
1006,87,15.473160156787301
1006,97,15.721073481317319
1006,113,16.90897812136673
1006,129,15.185844599403781
1006,145,15.044049290792321
1006,161,15.486619513177544
1006,178,15.041519219536038
1006,209,15.277440305968904
1007,27,14.983910816336758
1007,37,16.519272019162017
1007,54,13.689375688595069
1007,67,15.451919264469492
1007,81,17.180846187539448
1007,95,16.987905371715488
1007,108,16.195015165581303
1007,122,15.822679342636345
1007,135,16.924310158541303
1007,148,15.825953080841229
1007,163,15.005177362081628
1007,176,16.16078619893819
1007,202,15.782511856852539
1007,216,15.490501989835055
1007,230,14.732637444362307
1008,23,10.720944768530975
1008,35,14.07854161843709
1008,52,15.54994686685319
1008,65,15.172931945893728
1008,77,14.506272009045077
1008,91,13.58729180851779
1008,103,12.973069939336115
1008,116,14.589127031017984
1008,129,14.272498360883104
1008,168,12.863738623121673
1008,181,13.1097763895762
1008,194,13.762264951470002
1008,207,13.08990367704245
1008,219,13.655895094233589
1008,226,12.050985603865012
1008,232,13.86058037394616
1005,34,13.488920898511216
1005,47,16.300966502001764
1005,69,14.710449948588952
1005,86,15.766693195092493
1005,103,15.318965770185521
1005,120,15.924082726129738
1005,139,13.057242803608668
1005,189,14.620359341691449
1005,207,14.260632476301637
1005,223,14.177540161261092
1006,28,13.065783943695122
1006,40,16.160364002050997
1006,74,15.140539339346324
1006,80,16.248330613503978
1006,88,16.22359670556077
1006,103,16.662930737496417
1006,118,15.497478177530311
1006,133,15.461541417426526
1006,148,15.185792987551881
1006,177,13.947490774945773
1006,184,15.068185317848975
1006,207,15.121724095735054
1006,222,14.856098397001551
1007,26,12.820121709054748
1007,35,14.993305203928465
1007,53,12.893048410744596
1007,66,14.815322681025185
1007,79,15.490409513245623
1007,92,15.901382357250128
1007,119,15.511649635865004
1007,128,16.19819421823167
1007,132,15.71969112785119
1007,145,16.42923433784604
1007,158,15.549864311569783
1007,171,16.156693596427445
1007,185,15.104014679881235
1007,198,13.960928274450863
1007,210,15.113425871651822
1007,225,14.384691181419921
1005,22,10.036721424236536
1005,29,13.156721737589868
1005,32,12.878796280840518
1005,43,15.984464086542047
1005,64,14.66798550754234
1005,80,15.179909824838536
1005,87,15.943794776993478
1005,96,15.826903011181841
1005,104,12.952582629424693
1005,112,16.46166525900942
1005,130,13.944337136520977
1005,160,14.082948273700545
1005,176,14.786786423287763
1005,208,15.415762336203848
1005,224,13.582477172051636
1005,229,10.900372863802374
1006,17,8.547934668456262
1006,38,16.380663116099115
1006,56,14.047870548680354
1006,70,15.355088264442543
1006,84,16.56880578098559
1006,98,16.83886712263948
1006,113,14.240151219456255
1006,126,15.19472696468867
1006,136,14.84107972664227
1006,175,14.865006098087969
1006,182,14.479477322331482
1006,211,14.937587581587888
1006,245,9.583081039186741
