1003,13,7.128447987469402
1003,44,11.765273320313174
1003,67,14.131890164522439
1003,89,13.823591400453187
1003,111,12.233787396217712
1003,133,15.517213875970672
1003,153,10.399631348378195
1003,156,9.852105869055986
1003,200,14.952072115079716
1003,222,13.418664211069395
1004,47,11.30014703607739
1004,95,13.72671825324722
1004,101,9.830762881621327
1004,119,7.726083745950378
1004,142,15.230862477711387
1004,155,7.921302328524482
1004,190,9.047689705496984
1004,213,12.47436801071695
1004,233,6.639882998062062
1004,241,8.06261353880657
1004,248,6.739855516726747
1003,52,8.203240332491887
1003,63,13.21817486080542
1003,125,16.393240789142503
1003,188,14.044353109333743
1003,209,12.548796134106608
1003,220,9.887878129929675
1003,230,11.046108585957592
1003,243,8.70231684471296
1004,46,12.770921934420352
1004,69,12.764805613506603
1004,93,14.578004821799219
1004,107,11.602306312996777
1004,139,16.71712894021837
1004,162,12.207917876569478
1004,176,9.818527178322125
1004,185,11.013519571022176
1004,209,14.541146333866926
1004,229,8.992977069701105
1003,59,12.311336364276803
1003,117,17.18605411232082
1003,156,10.58899056325661
1003,176,12.582555258325943
1003,215,12.76013459256191
1003,225,10.597862199900522
1003,234,13.663745161161135
1004,44,12.841248264946106
1004,52,10.103403103224425
1004,66,14.075351349757469
1004,88,12.713095118902606
1004,123,13.11114635707078
1004,132,15.404213836968154
1004,149,11.932864422944522
1004,197,15.048030696250338
1004,219,13.885984834085306
1005,11,12.555968388051244
1005,30,13.989378306670947
1005,48,13.201270086861408
1005,96,14.40583260017858
1005,143,16.401837961151283
1005,167,13.685657715822874
1005,191,13.050690912765257
1005,215,15.568304622036038
1005,246,8.33718063893364
1003,31,7.037235688687482
1003,55,11.294854762854232
1003,63,9.299110654088887
1003,73,9.710770789526338
1003,110,16.953676642167256
1003,147,11.500963552079796
1003,165,14.75265596040867
1003,183,12.169978792298386
1003,202,12.756212866027175
1003,220,15.707510312657554
1004,7,nan
1004,15,nan
1004,27,nan
1004,59,13.816951795738115
1004,118,17.848674433363453
1004,157,14.84016278113052
1004,160,12.806972705106702
1004,176,16.085916712202472
1004,216,14.996336719448877
1004,235,15.519149085444234
1005,5,9.044923747037203
1005,11,7.849719701387467
1005,30,13.801875256316485
1005,45,13.675289089254187
1005,68,14.536979935713523
1005,90,15.495613331084588
1005,135,17.419217211766163
1005,181,14.992862389960527
1005,203,16.565529782216753
1005,226,14.749968105458303
1006,12,13.16826762706621
1006,49,10.09199580218883
1006,73,12.727677789588203
1006,80,15.511413159861785
1006,109,10.99684788594635
1006,130,11.663529507454777
1006,146,14.490536933114699
1006,160,13.87031270690442
1006,170,12.553726392594529
1006,194,14.461650880679837
1006,206,13.070132496397111
1006,219,14.8724832010744
1004,55,12.290649402006766
1004,73,11.022194571252989
1004,91,10.855958785605011
1004,110,16.981852274569704
1004,146,13.253833365226404
1004,164,15.117565643949007
1004,183,13.460468776874905
1004,201,14.185587152791612
1004,219,15.867233425951142
1005,20,7.070440281409137
1005,30,13.4935863267531
1005,59,14.681245281710911
1005,79,13.961262676834885
1005,98,14.03622180475272
1005,118,17.883027511205235
1005,138,13.560881067105704
1005,157,14.50709316548265
1005,177,16.20429382154171
1005,197,15.580370051672494
1005,216,14.193072911967333
1005,236,15.1862306866349
1006,22,14.396590011217985
1006,95,14.865217784940059
1006,118,14.799540696269617
1006,142,16.409828880940122
1006,166,14.387871086315691
1006,189,15.051061054557362
1006,213,16.95988287234059
1007,14,7.6585915276959105
1007,49,12.073287166673065
1007,73,12.823413827845327
1007,97,13.407079090287407
1007,116,9.897395436196641
1007,146,15.489373035388711
1007,195,13.147732977937236
1007,219,14.494103266201442
1005,31,13.669197208744933
1005,54,13.412129734426621
1005,72,12.338190362200564
1005,94,14.227756472457266
1005,108,17.43592641997457
1005,144,13.579891877200708
1005,162,14.246600789237672
1005,180,12.820409103018912
1005,198,14.48776642914444
1005,216,16.13144695963134
1005,232,10.001417666210369
1006,14,13.194627683325994
1006,55,11.739944333969678
1006,61,14.606002113567527
1006,81,13.941048288232025
1006,97,14.879996153423535
1006,123,16.907605043300453
1006,183,17.11430189494288
1006,203,15.58804345046992
1006,224,15.108090251647749
1007,48,14.223654121454583
1007,72,14.324715461724423
1007,96,14.608858252059818
1007,143,16.656504172618813
1007,167,14.025905341172669
1007,191,14.926052986074241
1007,215,16.23835279479468
1008,49,12.442816606680134
1008,73,11.852203133890754
1008,97,12.928696972681763
1008,122,9.920520353426287
1008,146,14.934448062492454
1008,170,12.736061535579427
1008,195,10.664462782721966
1008,219,12.468555204345934
1005,15,16.397238556335072
1005,42,14.607380686148337
1005,92,16.237823490538993
1005,106,16.791762833524203
1005,131,13.971242463034493
1005,158,13.764163414179713
1005,185,15.071536867169225
1005,211,15.671947126007225
1005,229,12.069153481446996
1006,10,11.748948557770403
1006,55,14.632587793600461
1006,74,14.562013009637111
1006,92,14.863413705922433
1006,111,18.323423001463837
1006,148,15.910814461538344
1006,166,16.67166929118536
1006,185,16.375407571430962
1006,203,15.342600022520127
1006,222,16.983150263160358
1007,13,11.933283570214641
1007,46,14.314366110206402
1007,69,14.061157585710811
1007,92,15.44643796845911
1007,139,17.696708300835798
1007,162,14.958428015631615
1007,185,15.909608366557386
1007,203,14.178397241171394
1007,208,17.035216789999673
1007,231,15.431765054328213
1008,11,7.5469650578884
1008,21,9.374545774576822
1008,48,13.013450835619842
1008,64,10.552516716702826
1008,72,12.877544137041912
1008,96,14.088690692998384
1008,144,15.990744019731281
1008,168,13.752951196564986
1008,192,11.755629991021927
1008,216,14.084620082349605
1005,31,13.117620078802814
1005,40,12.640579707708303
1005,80,15.402910803573436
1005,104,16.275587895820934
1005,122,12.186666480137776
1005,139,13.152504669814387
1005,157,14.435350954831275
1005,191,12.867161887988194
1005,209,14.980245881295783
1005,212,11.822505049064286
1006,53,13.63254014436819
1006,71,14.007167501265164
1006,88,13.157429227453752
1006,106,17.0402819886096
1006,141,15.802376984032112
1006,159,16.82866358786197
1006,177,15.579059200888567
1006,197,13.4213301095893
1006,212,15.262657770560313
1006,220,11.594723317581344
1007,22,7.749548347979909
1007,43,13.867547999677672
1007,65,15.504857757340886
1007,87,15.723358724206218
1007,130,18.113092712832326
1007,151,14.327130161712493
1007,173,16.497499664637495
1007,195,17.117215022484537
1007,216,16.561048229801415
1008,1,3.387296724352043
1008,21,10.054954505486709
1008,47,13.504081551342566
1008,71,13.327038904277916
1008,95,14.44393930507427
1008,119,12.634655139220389
1008,142,16.2047579147961
1008,162,11.591831415924222
1008,166,13.820440650642459
1008,190,13.202287946138625
1008,213,15.119136207711952
1006,2,7.628132706573222
1006,42,8.651779364938895
1006,69,12.655601663982841
1006,86,12.149852836925565
1006,103,14.591256977577693
1006,137,14.34518980724543
1006,155,14.751431773504745
1006,172,12.724208004222014
1006,189,13.295420579975152
1006,206,14.48450758807832
1006,223,9.62238581264841
1007,14,13.218741771032851
1007,54,14.645983363110087
1007,72,14.114187916415268
1007,90,14.653639222683273
1007,108,16.934828288336632
1007,144,14.607307702511784
1007,163,16.62370840985655
1007,181,15.585546267828587
1007,199,15.108729619789642
1007,217,17.100607990806193
1008,21,9.4680716318254
1008,33,9.615259548918523
1008,44,13.929187781841259
1008,67,15.365028092231874
1008,89,15.737637162848952
1008,100,12.215528527329575
1008,111,13.153725187053073
1008,133,17.528532599410177
1008,156,13.008090590737119
1008,178,15.501388259263845
1008,200,16.879334430975195
1008,222,15.549437618834286
1009,11,8.7783122722131
1009,49,10.766830541209494
1009,70,12.00865187060526
1009,81,11.573287417218056
1009,92,12.456609298543386
1009,125,9.67008749208454
1009,139,15.857128673630518
1009,162,13.84644489989113
1009,185,13.376907507810287
1009,208,14.962762686705698
1009,231,11.70171003179606
1006,5,7.0031421434774455
1006,41,7.869296249925236
1006,68,10.910376449230396
1006,103,14.256321461103207
1006,137,14.103783912677182
1006,154,14.499168111762813
1006,171,11.40028708238981
1006,188,13.346801431756942
1006,205,13.817076443186698
1006,224,7.349872265325898
1007,29,8.743240891069306
1007,53,13.07657243356326
1007,70,13.552295100836698
1007,88,13.734202879303147
1007,105,16.66611633651448
1007,140,15.419243327042121
1007,158,16.178643493229835
1007,175,15.39975642556634
1007,192,13.823226078239838
1007,210,16.21239767548594
1007,222,12.301241354663171
1007,228,13.286164152115054
1008,31,10.416305325823338
1008,41,12.584524285109461
1008,61,15.209596836958898
1008,81,15.97784286569016
1008,122,17.797698302989048
1008,163,15.106437531990434
1008,183,16.692842982795966
1008,203,15.608576856864913
1008,224,15.311493935202535
1009,48,9.724587950706061
1009,69,12.913129259390852
1009,90,12.174896835061801
1009,101,7.449751356169999
1009,117,9.961196230251987
1009,134,15.645788102608854
1009,157,12.989365057015089
1009,179,12.274873138842505
1009,202,15.207945069151679
1009,224,13.574137755770142
1007,69,12.798742441888102
1007,86,12.552700180979999
1007,103,15.265338426665277
1007,138,14.072742212565167
1007,155,15.245656199171888
1007,172,13.58663474869974
1007,189,12.191943520527648
1007,206,13.909188424817913
1008,13,12.950339415227925
1008,54,14.27383424769596
1008,72,14.656561924320421
1008,91,14.733764018093877
1008,109,17.473135866263515
1008,127,12.807369490998667
1008,145,13.685282824434115
1008,163,15.873203726730853
1008,181,15.28296154694836
1008,200,14.537601891781627
1008,218,16.23284538764218
1009,2,8.58236128564249
1009,62,11.497610531859097
1009,83,13.419070423149408
1009,125,16.457454627168318
1009,141,10.045400540973507
1009,151,11.796987119034359
1009,166,14.867727432555517
1009,187,16.07691260440115
1009,208,14.528397225902152
1009,228,13.279734130533296
1008,13,11.92934677851184
1008,52,11.904429193240817
1008,69,12.250801308545663
1008,87,13.944650675064716
1008,104,16.08310829622633
1008,139,14.39008411630951
1008,156,14.751082285019281
1008,174,13.434183940392256
1008,191,12.819783290218522
1008,208,15.243353024325224
1009,19,9.589858905205181
1009,56,12.009689811117134
1009,75,12.260070642010039
1009,94,12.17851880658519
1009,113,16.884524476920994
1009,131,11.50765158420496
1009,150,14.36719515800094
1009,169,15.771465301775835
1009,188,13.313602087724165
1009,207,13.587078531947563
1009,225,15.872291471416826
1010,41,12.74205914898602
1010,62,13.257570539109802
1010,74,10.94966377380494
1010,82,13.832739117921458
1010,124,16.197570431610572
1010,165,12.430316977341867
1010,186,13.503524873075033
1010,206,11.129446257443004
1010,227,11.912647479973597
1009,11,10.2629062586103
1009,90,11.445069916102241
1009,108,16.403440033971748
1009,144,12.90185621698533
1009,162,14.773767884147638
1009,180,12.499135247449153
1009,193,11.204654767446199
1009,198,12.838239251626417
1009,216,13.844860935417891
1010,39,11.831049873411683
1010,59,12.406221829829907
1010,78,13.63258886648526
1010,98,12.564408518282965
1010,117,16.065616264973603
1010,136,6.68513823231204
1010,156,10.102161731112817
1010,176,13.020514097513232
1010,195,11.352916377538156
1010,215,10.145953989426381
1010,234,13.313506229357282
1010,243,nan
1003,28,11.634405345973635
1003,42,10.600914286688518
1003,46,11.142235953587566
1003,55,11.087520262021375
1003,67,12.490807809531121
1003,89,11.46044310319947
1003,133,13.911594156626432
1003,200,12.217827730282327
1003,29,9.740021158800328
1003,64,11.394275622009335
1003,76,7.606782330321094
1003,93,9.85797401290286
1003,128,12.555230791258236
1003,153,8.005707132493056
1003,188,9.505357323034815
1003,192,13.728311738378306
1003,213,12.121820942686997
1003,224,9.808932286464403
1003,235,6.512364603342925
1004,28,nan
1004,46,8.431762632598014
1004,92,11.6265319088365
1004,137,15.512770758385843
1004,183,10.01937836155663
1004,206,13.08653140917258
1004,229,10.341183364819846
1004,236,6.526586022740939
1003,19,10.271697906530601
1003,30,11.222202001462854
1003,61,12.12836423695382
1003,112,10.30840318644154
1003,123,15.69359570967376
1003,185,11.40356401880448
1003,225,12.469800461872069
1004,28,nan
1004,45,10.46403570049657
1004,67,7.3544785528159276
1004,90,12.094165103257858
1004,134,16.279704477053443
1004,164,7.142342538433223
1004,179,9.74740049220449
1004,201,14.36080113279996
1004,216,8.629837455106967
1004,224,13.241604944645726
1004,227,5.874044399602061
1004,237,9.456301888984026
1003,2,9.581818502722173
1003,59,10.358413885908494
1003,99,11.41508487002664
1003,119,16.68620062085209
1003,178,12.089800075466119
1003,218,12.642396779988463
1003,237,12.758138867203893
1004,29,14.20261430620297
1004,39,14.159521398173613
1004,43,14.810225587911553
1004,80,14.6542631740507
1004,132,15.905983096231097
1004,154,12.685327446861205
1004,198,13.977451362861608
1004,221,13.072178680553408
1005,12,7.547700780205682
1005,49,10.307404363488475
1005,70,11.886539651443018
1005,93,13.989548441301185
1005,116,11.589235170997355
1005,140,15.148557150991513
1005,186,13.57542454365165
1005,209,14.668951140966563
1003,20,11.408550204318617
1003,113,16.869391467154774
1003,169,13.795331485310172
1003,207,12.390276443757982
1003,226,15.683226035413247
1004,25,8.343719364159721
1004,62,13.126652244091384
1004,87,10.382491497016048
1004,99,12.583620405231361
1004,124,17.640068298188755
1004,165,13.94088380899344
1004,186,15.839010850971961
1004,206,13.774773370639515
1004,227,13.904171261679505
1005,46,12.48662070108258
1005,69,13.040813805019525
1005,92,14.828312547270666
1005,138,16.197877114578425
1005,185,13.217435775905862
1005,207,15.147126086839082
1005,231,13.461193829126508
1006,86,13.674885668608605
1006,95,11.110872478845476
1006,119,9.515803764103353
1006,143,12.914162293225875
1006,166,11.634148989244206
1006,179,8.052840816977728
1006,190,11.820202872273903
1006,214,11.700961693318668
1006,243,8.610077217842614
1003,61,10.68053807248013
1003,111,15.567403758941413
1003,166,13.59798048895469
1003,221,15.089613740677661
1004,39,7.926153518450304
1004,59,13.038441847851514
1004,72,3.4729918881731203
1004,99,13.890530019676085
1004,119,17.97907818134415
1004,147,13.050781684255746
1004,159,14.112422720702089
1004,178,15.694834800990481
1004,198,14.002059341605975
1004,218,14.292254700917312
1004,238,13.71496427415839
1005,45,13.336322022352647
1005,68,14.538059930118614
1005,90,15.218807610024445
1005,100,12.469940207093781
1005,113,12.910118373148238
1005,133,14.835616763417129
1005,135,17.24225755021531
1005,180,13.482691414390892
1005,203,16.007490558122143
1005,225,15.175946145779216
1006,24,9.796417576200273
1006,37,3.2470171659654037
1006,47,9.00199509455371
1006,71,9.95266209913304
1006,85,12.677476224736816
1006,94,11.655753196675462
1006,132,8.509256393286758
1006,142,14.122666451472256
1006,165,11.881151399983922
1006,189,10.192305723227815
1006,212,13.370578225396734
1004,41,11.161293899178217
1004,57,13.023410238277082
1004,77,10.981469487248102
1004,95,12.611028105991341
1004,114,17.86721368737053
1004,152,14.913359596548766
1004,171,16.442456230467407
1004,190,14.410486822594905
1004,193,12.795249208508352
1004,209,14.976067254504674
1004,228,16.983951819645533
1005,43,13.1037431476582
1005,55,13.09517455809024
1005,64,15.211687533945641
1005,86,15.337575978978455
1005,128,15.283948306374384
1005,150,14.514464705393628
1005,171,14.78126932898045
1005,193,16.67821728983242
1005,214,16.015915814791533
1005,248,2.697848082928209
1006,10,10.24897395302418
1006,15,11.530831076982404
1006,47,9.577812718554044
1006,70,10.016064644656693
1006,86,11.459472753620156
1006,94,11.35452477309392
1006,101,nan
1006,117,10.874360319696638
1006,140,15.137563000866427
1006,164,12.348172069376599
1006,187,11.546374097602069
1006,211,13.822998619368116
1004,19,8.635854124888864
1004,55,12.902473023704735
1004,73,12.124549382798687
1004,87,7.47776115109397
1004,111,17.280672219495315
1004,148,14.253901248313811
1004,166,15.99379122155214
1004,184,13.540804704341953
1004,203,14.111178802597271
1004,221,16.378132932923734
1005,39,13.665775449943165
1005,60,15.310078441977906
1005,79,14.421973838650537
1005,100,14.87658384181656
1005,120,17.846565939014894
1005,160,14.513586537098991
1005,179,16.166269069520865
1005,200,14.440297991300053
1005,219,15.676777697523512
1005,239,14.661429556673504
1006,13,14.15912303467589
1006,22,14.344429268508863
1006,31,14.547731360785859
1006,65,13.92231261458031
1006,138,15.615379403161844
1006,184,14.052008880411371
1006,207,15.466995596091916
1006,231,13.988926678649552
1007,7,6.485178509813147
1007,47,9.49719457611826
1007,70,7.561905771240558
1007,94,10.823307418345486
1007,141,14.478970421106922
1007,165,8.994830507071532
1007,188,10.61197960091134
1007,212,13.1105008852417
1007,237,6.6575384215477715
1004,22,14.958597689522772
1004,63,11.641295678163296
1004,78,14.468055145856829
1004,108,16.835085339069693
1004,144,13.575099207844978
1004,162,15.519991503459906
1004,198,13.410425313352064
1004,216,15.656335085658244
1005,30,13.905447386044285
1005,55,14.265167562503922
1005,74,13.940396834592315
1005,86,15.089479901104507
1005,110,17.679579824378724
1005,128,12.82625284112224
1005,147,14.761501006740298
1005,165,14.780484570060015
1005,172,15.225968317680048
1005,202,14.964991853170043
1005,220,16.602234147815953
1006,43,12.168688397397258
1006,64,13.80867341216284
1006,85,15.02700285907965
1006,107,14.516079725538669
1006,128,17.387898839366738
1006,171,15.091417123458541
1006,186,12.832382344616464
1006,192,16.359986962485777
1006,214,16.042090811544135
1007,27,nan
1007,47,12.72566321976996
1007,70,12.348256648510862
1007,94,13.821101907921587
1007,140,15.665755755407552
1007,164,13.145035655332123
1007,187,13.758713590819118
1007,211,14.458569501287304
1007,234,11.436250058525626
1005,16,12.800364096582106
1005,54,12.851229562527882
1005,72,13.3435746347908
1005,86,14.021545746150661
1005,108,17.02063730317181
1005,144,13.718565271370387
1005,161,14.669489543787417
1005,173,13.16340482666787
1005,215,15.57422826163998
1006,22,5.40576463584099
1006,39,9.990781833267437
1006,59,13.78264036370654
1006,98,14.647637961319324
1006,117,16.085447746125578
1006,137,12.43501555283763
1006,157,15.712879540083332
1006,176,15.603379620281688
1006,196,15.31360614419673
1006,216,14.130521630158213
1006,235,15.197011729064949
1007,7,7.1551580013264395
1007,46,13.073238704993908
1007,69,13.321110154264177
1007,90,10.961927561408956
1007,92,14.883789055526575
1007,115,11.88488526790298
1007,138,16.655668669382095
1007,161,13.985199154942816
1007,184,14.461769521188195
1007,207,15.477968977521055
1007,230,13.84251330482287
1008,14,13.350079281470055
1008,80,10.525090148985054
1008,94,11.941139471882991
1008,141,14.752148579783956
1008,165,12.477357957508188
1008,189,11.530841144317648
1005,8,10.949447838600005
1005,25,10.508512246836549
1005,34,10.972874880951553
1005,59,12.509858738962201
1005,85,13.158708252533483
1005,106,15.814053747000475
1005,158,13.887807792957826
1005,211,11.468272091142442
1006,22,10.884684946533948
1006,29,9.44253915813542
1006,34,11.852176137123859
1006,72,12.240736044832053
1006,79,-1.404674823436646
1006,89,11.328594381341766
1006,107,15.841287919659152
1006,125,10.931696819045943
1006,143,14.19570305097119
1006,161,15.751324201550393
1006,179,14.360731837931958
1006,215,15.619496934643525
1007,42,11.711892301639661
1007,63,13.498041064482518
1007,83,14.042855277511164
1007,125,17.87247599382288
1007,167,15.341219017872593
1007,188,16.624547785383342
1007,208,15.001074359240523
1007,229,15.297501254807438
1008,14,12.598268176167515
1008,33,8.182117526873169
1008,69,13.133560633457828
1008,92,14.114328516786996
1008,138,15.161847770080685
1008,162,12.226170778523336
1008,184,12.684819491276652
1008,207,14.671730897400362
1008,231,12.493893485780799
1006,12,8.85453539610344
1006,23,10.438961937142698
1006,70,10.494075817552432
1006,88,10.859878868810593
1006,106,8.292493034366338
1006,141,13.107564896391523
1006,158,14.045762378924692
1006,176,12.341239326004661
1006,193,12.03386884813102
1006,211,12.563988531241892
1006,228,9.430180539785777
1007,20,1.005014613865228
1007,38,11.070636395904874
1007,56,12.916084901747077
1007,75,14.041767767192976
1007,86,10.938526379055379
1007,94,12.75631491817669
1007,113,17.141711570413428
1007,134,11.910237460046487
1007,150,14.923752932745561
1007,169,16.146399207693477
1007,188,15.121654728358934
1007,207,14.555670506198059
1007,226,16.687116443749655
1008,44,10.824905788179578
1008,66,14.039841673517495
1008,88,14.071314356444521
1008,132,16.493690494734626
1008,155,12.090238423653421
1008,177,14.812802445576647
1008,199,16.615713807587838
1008,221,15.930322966247871
1009,46,11.871985327757484
1009,69,10.801518462777285
1009,135,14.69079269773018
1009,158,12.372639842698433
1009,203,13.769400621549712
1006,70,8.218281011053865
1006,88,8.570149782730791
1006,105,13.087423167748181
1006,130,6.274991426326665
1006,140,12.641320669802196
1006,157,12.953020413101497
1006,175,8.856369526929663
1006,192,9.582346031671923
1006,210,12.211352063427976
1006,227,8.669221717081179
1007,36,6.3647215306425196
1007,54,12.669190082724473
1007,72,13.98967301499706
1007,90,13.524126184806878
1007,108,16.54199599562054
1007,144,14.105965245968388
1007,163,15.563337148910538
1007,181,14.53288449197274
1007,199,13.645757360403648
1007,217,15.875279670494496
1008,42,11.525737604765228
1008,62,12.708787757566268
1008,83,14.532272155781246
1008,96,11.218601953794211
1008,125,17.340904723514694
1008,146,12.710476993417956
1008,166,14.320293914027777
1008,187,16.605702860418504
1008,208,15.364209285479921
1008,229,14.885904267751094
1009,59,11.869765525218149
1009,85,11.726277368082856
1009,133,14.289005232923781
1009,161,11.932856207965536
1009,199,12.877351665969194
1009,248,7.597440939097696
1007,20,15.011382895266308
1007,53,12.494569822934519
1007,90,12.974657672107474
1007,106,15.946788835583185
1007,110,12.839911458012928
1007,141,13.344426992031298
1007,159,15.037637551659442
1007,176,13.565073534407201
1007,212,14.895230977854059
1007,229,13.048497246669882
1008,18,-inf
1008,38,0.5523828557437694
1008,57,12.390130642340742
1008,76,13.732301825211845
1008,94,13.235105240014104
1008,113,16.85301925152013
1008,151,14.565425030645493
1008,170,16.381963265086817
1008,189,14.76825183946027
1008,208,13.08420194620096
1008,216,10.37025597739095
1008,227,14.353437307118268
1009,8,12.904973866834792
1009,22,12.201200680407043
1009,98,13.596273078752398
1009,126,15.587037986687886
1009,142,11.069096684470956
1009,189,14.36411832119857
1009,210,12.97290390924006
1009,230,11.412877319192326
1007,19,13.653778784708887
1007,50,14.32302011927094
1007,79,13.43360096562045
1007,105,15.413273076667153
1007,119,12.876193673749905
1007,158,13.691426938756376
1007,175,12.263407817725213
1007,193,13.081524796490513
1007,205,13.848494746468214
1007,210,13.805451396956926
1008,55,11.9920054888028
1008,65,6.803263170112171
1008,73,13.633456668456297
1008,92,13.097318044555912
1008,110,16.7045948185144
1008,147,13.596538378848956
1008,165,15.969205873380247
1008,183,14.602170253022544
1008,201,13.03461434179942
1008,220,13.663015087554697
1008,238,10.501958464397621
1009,46,7.219139267408455
1009,81,11.769197318154966
1009,122,15.931258990975696
1009,162,12.128289735759996
1009,182,14.364431734958899
1009,203,13.112947712297737
1009,223,13.624916775187291
1009,227,10.746540100347277
1008,28,7.626063982294937
1008,54,11.386271267634921
1008,72,13.055994500870954
1008,90,12.33985819205637
1008,108,16.403150934164884
1008,126,10.534268268614655
1008,144,12.290224169399
1008,162,15.048408047789536
1008,180,13.816227843695472
1008,198,12.66274049691419
1008,216,14.534297747917355
1009,2,9.275933899936913
1009,59,9.488890776146025
1009,78,11.277753973080614
1009,118,16.00507950337021
1009,157,12.778257341228018
1009,176,13.91874182871448
1009,196,12.846010720723724
1009,235,14.028858023650248
1008,53,9.77643478143312
1008,71,10.904679273400843
1008,89,11.818859843657155
1008,101,10.191017109240788
1008,107,15.955030537910542
1008,142,11.545315874010338
1008,160,14.51048758759115
1008,178,13.102752469220295
1008,195,11.594262594307956
1008,213,14.306247742113031
1008,222,8.057469213099617
1009,95,9.5846726735653
1009,114,16.080999000807623
1009,150,10.907594695076977
1009,152,12.55209876930544
1009,171,13.820389585032725
1009,190,11.836216632120827
1009,209,11.313984055179901
1009,228,14.840235181819423
1007,52,11.039458612849678
1007,104,14.251177394753878
1007,139,10.461000627046722
1007,156,12.308779918907312
1007,190,10.336785191166323
1007,208,12.652459630898022
1007,236,7.688304891042952
1007,8,11.207790198480767
1007,103,14.575657873477375
1007,155,11.029820936797456
1007,175,10.235290615509152
1007,207,10.078101253565855
1007,224,9.644001861732525
1007,230,7.780999603960558
1007,245,7.318940130376944
1008,76,8.347205822340932
1008,106,14.572590588111323
1008,147,6.702065931095636
1008,159,12.898501696810769
1008,194,10.652011174267066
1008,211,12.202718438507286
1007,24,9.957680325856497
1007,56,11.160665871562783
1007,61,11.112276070024167
1007,103,13.685347761518116
1007,163,9.695618138817458
1007,170,10.17024274291715
1008,104,15.67845427044072
1008,139,12.992332794332235
1008,156,14.01384659767734
1008,191,12.450745429662868
1008,208,13.320830977305347
1008,226,10.298791242840185
1008,236,9.639308203016133
1009,69,6.589725066270926
1009,105,15.744238689786226
1009,122,4.165652119387019
1009,126,3.707137407910752
1009,140,10.875104148941151
1009,157,13.792918761297834
1009,174,7.84768418305749
1009,192,11.219555567222837
1009,209,13.022795745341258
1009,227,9.792968892375026
1010,12,14.257675596540945
1010,43,12.115966388240313
1010,72,11.549855913713227
1010,108,16.812597377918173
1010,117,9.449071812452132
1010,144,12.148536367639034
1010,162,14.127145449698066
1010,199,13.165361732223879
1010,216,15.879329813012754
1010,234,11.71578738231631
1008,33,9.854701815710499
1008,104,15.275201032183647
1008,108,10.554082886220431
1008,138,11.846661074738565
1008,156,13.871743911490995
1008,190,11.75455103527122
1008,207,11.795793404252048
1009,52,7.716505362123323
1009,104,15.266030984728294
1009,138,11.577565248407126
1009,156,13.443818280892186
1009,190,10.408429866276009
1009,207,12.143150512443896
1009,225,10.155918177277163
1010,12,14.856779070085718
1010,39,15.590516499190542
1010,64,14.192537137762919
1010,102,14.650373769853609
1010,105,16.341320658625442
1010,158,13.821656438864121
1010,167,12.65334525846349
1010,210,14.560847566768263
1008,19,10.65832503890558
1008,53,10.281273202932812
1008,103,14.072335650081003
1008,138,9.783269247633426
1008,155,13.138998020301074
1008,189,9.151440430034835
1008,207,11.302112292151891
1009,16,9.3114485904483
1009,103,14.893497516126327
1009,125,9.699245727987925
1009,155,12.402017478663376
1009,206,10.794462799289988
1009,223,9.577129088091887
1010,60,12.217504618425963
1010,81,11.693683195631595
1010,104,16.18126247109838
1010,139,11.648678124780044
1010,156,13.85702205347238
1010,173,12.090576138092644
1010,208,13.674107293014599
1011,58,13.53695448406356
1011,77,14.972929832366876
1011,86,13.640423800348119
1011,96,13.91223301013968
1011,115,17.25446617570632
1011,154,15.631556058358951
1011,173,16.925632860430238
1011,192,16.356886936801093
1011,230,16.977685153312155
1009,16,8.760149752005663
1009,27,7.723187698750968
1009,102,14.331710673916225
1009,136,10.059265147453315
1009,153,11.71500244638786
1009,161,8.467187377226244
1009,198,9.587108695163455
1010,5,12.035636615682419
1010,90,11.407843256800668
1010,102,15.35168210200203
1010,154,12.969494097349903
1010,196,11.914853720678115
1010,209,12.316278892711537
1011,27,10.211183726274003
1011,53,13.665226354880646
1011,70,13.36291591384728
1011,88,13.111877769013693
1011,105,16.630422743195478
1011,123,14.382690344875183
1011,141,15.877372152904146
1011,158,16.70790331962496
1011,176,15.797504524052016
1011,193,15.019056607320667
1011,211,17.116110727809886
1011,243,7.08011192443199
1011,247,5.705936912804022
1012,46,13.156015617326291
1012,69,14.119380586048022
1012,92,15.425154696014665
1012,138,17.381553730285898
1012,160,14.805428048689784
1012,183,15.928024502147366
1012,198,14.171223729491238
1012,206,16.75919355720319
1012,229,15.284497729440352
1009,42,8.517123410054205
1009,55,8.724391545975992
1009,87,nan
1009,102,13.81991528972771
1009,119,8.713448445170991
1009,136,11.18473699825872
1009,140,10.22685241947862
1009,153,11.986676347857145
1009,178,10.956732669982646
1009,208,11.158971615177913
1010,14,10.84568731991778
1010,71,10.220363398336275
1010,75,10.891154079026816
1010,102,14.88086787659051
1010,153,11.934241909741454
1010,211,10.754840761650577
1010,225,9.703569016334564
1011,3,10.056553120342118
1011,29,9.976034182937848
1011,44,10.123079210602047
1011,51,10.901524371891995
1011,69,12.394697335307011
1011,86,14.026693635415599
1011,103,16.455868060341917
1011,115,13.243289883174722
1011,138,15.783915070407843
1011,155,16.24277476102746
1011,172,15.738104695146856
1011,207,16.74480563558565
1011,224,14.84120687468896
1012,44,12.60072884141298
1012,66,14.091488302968788
1012,87,15.405878400956553
1012,106,12.88488593309409
1012,131,18.124343335148378
1012,153,14.651644104140264
1012,175,16.26890230352923
1012,198,17.272743539266052
1012,218,16.582426035855484
1009,38,5.055717524000065
1009,55,8.408662435876165
1009,76,6.9111210920810615
1009,102,13.273566640098949
1009,152,11.393790880625648
1009,176,8.748739966729971
1009,203,9.470476568942992
1010,102,14.19017086594634
1010,152,11.58807534393797
1011,34,11.641437502034307
1011,85,13.57228093472976
1011,102,14.985129775253283
1011,137,15.310842718023592
1011,154,15.989488868433494
1011,171,15.275074442731935
1011,188,14.224971644220725
1011,205,16.530555113638304
1011,244,6.662490839021043
1012,41,12.49162339248074
1012,62,13.255370473142172
1012,82,15.511090946821458
1012,123,18.181218804390518
1012,144,14.662450962601554
1012,164,16.07037525256237
1012,184,16.843301333546652
1012,205,16.429762659323398
1010,15,11.497904229737436
1010,35,11.619461666906057
1010,102,14.06430443396417
1010,159,11.396437472379572
1010,215,12.17766787487455
1011,14,11.189623154851859
1011,34,11.03677267097173
1011,85,13.248151963849569
1011,102,14.86582289345501
1011,136,14.457579130467602
1011,153,15.112445395380043
1011,170,13.98409642409791
1011,187,13.560443989216509
1011,204,15.856457868128233
1011,237,11.47436741395762
1012,58,13.405945433558013
1012,77,15.378022532924264
1012,96,14.676792585785837
1012,115,18.022000014319445
1012,140,14.887238734730822
1012,154,15.65169198271638
1012,173,17.03035097981378
1012,192,16.333232966491163
1012,212,15.838360720569646
1012,231,16.092296643352316
1013,7,nan
1013,22,4.56324512937258
1013,70,12.702193934810094
1013,94,14.162365720686747
1013,141,16.618055208962733
1013,165,14.123155231638837
1013,188,14.902826438621847
1013,212,15.780955175064763
1013,246,2.983800609112614
1010,39,11.379647925275933
1010,82,10.586967584788972
1010,101,13.860583204862413
1010,152,11.770029534682402
1011,41,8.528717272346045
1011,102,14.657709882603108
1011,135,13.49106248783001
1011,152,14.173429979699488
1011,169,13.15416444331789
1011,203,15.063759152572242
1011,220,13.429709771927376
1012,17,13.798666268584196
1012,73,13.028284040855771
1012,92,14.288475642115658
1012,110,17.966946615859403
1012,147,15.296821727801174
1012,165,16.8610706546501
1012,183,16.145727739253566
1012,201,14.818294199685047
1012,220,16.292939159416814
1013,23,5.99200352291981
1013,69,13.710146324710115
1013,92,14.341811688422542
1013,137,16.889459558833238
1013,160,14.594634638613567
1013,183,15.660775955942867
1013,206,16.443747753534712
1013,229,14.536742346860763
CUT,20,11.748506111453459
1011,17,10.110273583452914
1011,74,10.62380241351351
1011,102,14.257972595836838
1011,135,13.786270409538401
1011,152,14.533732818526428
1011,169,13.152622974579959
1011,203,14.35135756232622
1011,219,12.295116688482619
1012,19,14.425150191630284
1012,40,13.21235564150635
1012,47,12.418310406526313
1012,71,13.008771779567338
1012,106,17.329610933919618
1012,142,15.491133179565574
1012,159,16.54661242740525
1012,177,15.761797899518497
1012,213,16.36684425812296
1013,66,13.893783067532581
1013,88,14.219337178887573
1013,131,17.559783253197324
1013,164,14.401544254244158
1013,175,15.73687040003362
1013,197,16.544905011738994
1013,218,15.765585902553227
1014,48,13.230838659649613
1014,72,12.041278289418235
1014,96,14.02638567599171
1014,144,15.635674086832482
1014,167,12.872818096797953
1014,192,13.219320953501617
1014,216,14.317242848071945
1014,243,8.506965645607387
CUT,10,11.28635276792766
1011,18,13.234269442748355
1011,101,14.429209881891328
1011,135,13.135124284604876
1011,152,12.831921421444473
1011,202,14.124526562754536
1012,24,15.115060934381749
1012,63,14.76257155539753
1012,103,16.413258943862857
1012,138,15.71227895335743
1012,155,16.60752106038377
1012,172,15.152640344590706
1012,184,12.242432420714612
1012,190,13.938538853051503
1012,207,13.16172051870099
1012,224,13.392484314799818
1013,59,13.156144445192119
1013,79,14.152008698090096
1013,118,17.199161734948735
1013,158,15.521465636170586
1013,178,16.611504111039185
1013,198,15.513074291793503
1013,217,14.493370478391622
1014,46,13.376977736480228
1014,70,12.821203508459044
1014,93,14.545671003849401
1014,139,16.2200177691571
1014,162,13.959845489650577
1014,176,12.110988629845117
1014,186,14.745895576753195
1014,209,15.778999378774126
1014,232,13.866842169213049
CUT,10,9.54590061591859
1012,23,14.9750138826792
1012,30,14.600020718901138
1012,51,15.535708768403014
1012,80,14.1970984420228
1012,92,13.914306706864627
1012,97,11.72638237006203
1012,102,15.051061078576009
1012,111,12.915275026249851
1012,136,13.776476721631399
1012,153,14.399639364830236
1012,170,13.566556460223007
1012,191,11.812167847558328
1012,205,13.213560777978106
1012,221,9.477069447290638
1012,226,9.10186534736244
1013,21,2.632292338285254
1013,37,8.014697255244656
1013,72,12.66560307611445
1013,91,13.656724973236496
1013,109,17.173168952132446
1013,145,15.022292717070663
1013,163,16.515288922308137
1013,181,15.275019524101198
1013,217,13.221429685686363
1014,31,5.364587829782879
1014,44,12.63401102326869
1014,65,14.103127934607478
1014,87,12.930712370230426
1014,131,16.646858173705546
1014,174,14.565526307888483
1014,196,16.04300152934552
1014,218,14.621220999458714
1015,94,9.818918447323885
1015,140,13.650490765770343
1015,162,10.29067206711569
1015,187,12.747710506966056
1015,210,14.460869079397963
1013,69,9.755698619495057
1013,86,11.547839082805407
1013,104,16.373207131289057
1013,138,13.991028362531457
1013,155,15.139147991016602
1013,173,13.70728630796779
1013,207,14.661015793492137
1014,20,7.560085432120265
1014,58,13.745560182987253
1014,78,11.455732677909694
1014,116,17.165128623519273
1014,155,14.562058142255838
1014,174,16.25368515781648
1014,194,15.15919426971955
1014,213,14.907670729629746
1014,232,15.119063847220243
1015,89,10.50645201642408
1015,113,10.651160598945175
1015,133,14.851050205052177
1015,155,11.794793472530603
1015,178,14.012130139357922
1015,200,14.975197952851937
1015,222,13.384126255529969
1013,51,8.458398118192628
1013,86,10.036106683267603
1013,103,15.56111671030109
1013,137,13.574716904353929
1013,154,14.995075761197025
1013,171,12.690240133242181
1013,188,11.344931773472426
1013,205,12.932018668557637
1014,5,7.537640053812538
1014,27,8.678041256965303
1014,55,12.014579187026344
1014,110,16.89934241761079
1014,146,13.443688060698612
1014,165,15.435452417703308
1014,183,14.518922692542318
1014,201,14.0268343612175
1014,220,15.589476737516037
1015,37,9.628621578937027
1015,63,9.693306964276648
1015,87,10.352417007229048
1015,127,16.27830350198734
1015,169,14.473907395725288
1015,190,15.46371340768995
1015,211,13.95162564933585
1016,45,10.429977986244802
1016,59,9.713883428612775
1016,69,11.728462441562082
1016,92,11.626777805255486
1016,139,15.562193657457577
1016,185,11.541525164142222
1016,202,10.382944231099533
1016,208,14.074172757164929
1016,215,9.19443803162726
1016,231,9.66617561711878
1014,38,7.535180017726751
1014,53,11.810213359099762
1014,70,10.260549898919313
1014,88,10.384642067432932
1014,105,15.835552184449998
1014,140,13.231913297317497
1014,158,15.197291749080923
1014,175,13.586605761994345
1014,193,13.473345659564453
1014,211,14.732193800288568
1015,13,4.4714243104599385
1015,25,1.059012438406282
1015,58,7.652346040305293
1015,77,4.44383219088565
1015,96,8.08809631013434
1015,116,16.824685923597865
1015,155,13.879906715092797
1015,174,15.421839394498955
1015,193,14.191282563216701
1015,212,13.162903097640818
1015,232,14.894050969117089
1016,5,12.116068109603154
1016,11,11.382387503313184
1016,65,11.58124337641869
1016,87,12.478144082470406
1016,131,15.643847810033789
1016,153,13.104504914232862
1016,175,14.20231264875457
1016,197,15.240493792412346
1016,219,13.515822154305152
1016,242,6.089324324345343
1015,32,7.704449796818718
1015,55,8.312243825425712
1015,85,5.507490162696007
1015,111,16.693744830056836
1015,148,13.676488771652213
1015,167,15.793761154246411
1015,185,14.096426711411072
1015,204,13.58006447090748
1015,223,15.904499070735106
1016,36,11.81645245753382
1016,42,12.120952128944321
1016,62,11.68953088125216
1016,84,12.867688070630676
1016,126,15.460461871199335
1016,168,13.40418132947982
1016,189,14.606619885591776
1016,209,13.2567657272057
1016,244,7.466780157695238
1017,9,10.012450722755727
1017,16,10.068432726658987
1017,46,10.821171296283563
1017,68,11.541658929181027
1017,91,13.187268534430881
1017,137,14.925219303367822
1017,159,11.659383884189733
1017,182,12.412249254009772
1017,205,13.930070211545818
1015,55,6.389684899139539
1015,109,15.38400363865603
1015,126,6.008613677679593
1015,163,14.650128883874045
1015,181,13.96758157337562
1015,199,12.727268497497208
1015,217,15.27932572727019
1015,235,10.01186312075303
1016,21,7.74780550346145
1016,34,7.416057243594385
1016,40,10.763686246723205
1016,60,11.522505340609229
1016,80,13.083763920549902
1016,120,16.320998803067305
1016,140,9.635995024366757
1016,160,13.730288612597425
1016,181,14.797263817409839
1016,201,14.2062743966342
1016,220,12.88754696387574
1017,13,7.855603073667289
1017,44,12.07015891653578
1017,67,12.082086902319444
1017,89,13.37270479998407
1017,111,10.21362761221756
1017,133,15.416581378656373
1017,156,11.51210381350092
1017,162,9.866467733920759
1017,178,12.393439896356973
1017,200,14.661585979847123
1017,222,13.195554384315829
1016,57,7.196210496251279
1016,76,9.317299129252609
1016,95,10.712020113300511
1016,114,15.832004958035382
1016,143,-0.4119785783764784
1016,152,12.414738611976233
1016,171,13.899393032717061
1016,190,11.866057306693747
1016,208,11.00092452836286
1016,227,14.80057784866081
1017,42,11.790478022842246
1017,63,12.76623967738942
1017,84,13.488359956160036
1017,111,9.626108881532875
1017,127,16.244313776278755
1017,143,8.753765350663567
1017,169,13.487972766498189
1017,190,14.572783898478024
1017,211,14.08809933672066
1017,38,11.447014994250882
1017,58,13.055720028552237
1017,77,14.292586617764014
1017,96,12.767368004204158
1017,116,17.38077589729977
1017,154,14.951429779649345
1017,173,15.800801456958132
1017,193,13.885723026103529
1017,199,12.821662895233274
1017,212,14.256933210858048
1017,231,15.505096929263317
1019,12,13.016138864427695
1019,20,12.290666663621938
1019,68,11.646184820284777
1019,91,12.178383681511178
1019,136,12.539199430135856
1019,204,13.444612487725642
1019,227,11.250317127536961
1019,237,7.940178592976945
1019,8,12.818956315707744
1019,24,13.924908553740094
1019,54,10.615646236672527
1019,65,13.47020719959173
1019,87,12.760609523084545
1019,131,16.310618908352474
1019,162,9.817807489792642
1019,197,13.698094463640619
1019,218,13.746004257406895
1020,24,13.460852727358482
1020,48,12.694971178899568
1020,72,13.08583217391433
1020,82,10.489354062880498
1020,96,13.842428142341275
1020,143,15.979135172013239
1020,158,10.311032955319103
1020,191,11.810812130287115
1020,215,14.410570338475253
1019,11,15.002590108903766
1019,41,11.397210829816851
1019,61,13.61161625902901
1019,94,13.089315760378755
1019,123,17.022190405652406
1019,153,10.994593650732394
1019,164,11.803773835753898
1019,185,13.311277910065364
1019,205,12.578136141368208
1020,19,11.06897760185555
1020,45,11.11979427349583
1020,69,13.992359068126945
1020,92,14.69010937467596
1020,115,12.254145414122927
1020,138,16.381551347739276
1020,168,10.883917040815376
1020,206,13.60549832658829
1021,49,12.748393988658124
1021,74,12.253335052801082
1021,99,14.027904996617412
1021,116,12.90077187597685
1021,148,16.668772900549847
1021,173,13.736034430447477
1021,222,15.32050429527667
1019,21,17.47783490198244
1019,51,16.95750185397015
1019,72,16.016186312681373
1019,115,17.65303551750955
1019,172,14.599308108214979
1019,230,15.132125364288338
1020,63,13.779073927466431
1020,85,13.817134896096457
1020,127,16.689235991020222
1020,191,14.84327703066462
1020,212,13.43606168762662
1021,48,12.689246419940748
1021,72,13.83322419505494
1021,77,8.87620781342919
1021,96,14.983777403779552
1021,105,12.395960413430107
1021,143,17.584722592643512
1021,161,14.006948749126423
1021,167,14.740232058430696
1021,191,14.707964581452277
1021,215,16.50848460618235
1022,25,6.860553170314974
1022,46,4.502223608980698
1022,74,11.367728084724932
1022,83,6.408481703808748
1022,99,13.708907630664633
1022,148,13.938172188390322
1022,198,12.432751609045454
1022,223,14.461337880681954
1020,17,14.98681785590362
1020,33,12.314436828331933
1020,43,12.282908888873363
1020,59,13.011499573664649
1020,79,13.996759262140124
1020,118,17.5773600807004
1020,143,9.914670483637057
1020,146,10.045267938270099
1020,157,14.0836991170491
1020,176,15.652028808023017
1020,196,14.641772405747542
1020,216,14.122974653195977
1020,235,14.36184270472774
1021,22,13.740395357182
1021,45,13.80900634539432
1021,58,13.326672829061657
1021,67,14.711089134009214
1021,89,14.96164072648799
1021,134,17.21336042579917
1021,163,14.062317346549033
1021,179,14.649015150752504
1021,201,16.24306446302944
1021,223,15.329860065729363
1022,49,11.080176497480977
1022,73,13.56371335044614
1022,98,14.064430916588108
1022,122,12.418970564935876
1022,146,15.531738983323631
1022,155,8.910482126990892
1022,170,12.666055316482637
1022,195,13.917050739656938
1022,220,15.892636892277077
1023,48,14.909626294717139
1023,96,13.73910372536795
1023,115,12.268364831761929
1023,144,16.117231588809954
1023,192,12.492129880780446
1023,216,15.60336178808366
1023,243,7.522999448295362
1020,10,12.862814355873994
1020,34,11.42768758373036
1020,55,11.589399843430678
1020,73,12.842901567327127
1020,91,12.104444074925851
1020,109,17.256889987333423
1020,146,13.21785379025359
1020,164,15.517985536824783
1020,200,13.136079799101385
1020,219,15.050174519213034
1021,38,12.36849554266933
1021,57,14.40997574943676
1021,95,12.705233782448973
1021,115,17.070170263510214
1021,172,16.485784701314433
1021,191,15.839037240151466
1021,210,15.542886887316099
1021,229,16.55534713473252
1022,36,10.441270261087766
1022,65,13.921306954174542
1022,87,13.670752078787629
1022,109,13.495835563193502
1022,130,17.266117470917955
1022,174,13.647968375572933
1022,196,16.2642616923006
1022,217,13.922464602931264
1023,46,15.039480976326804
1023,68,12.017182824556478
1023,91,13.983800361970307
1023,114,12.644616818479491
1023,119,11.275376121760367
1023,136,15.92004977164762
1023,182,13.582183279149557
1023,205,15.83269613994615
1023,227,13.269249832401925
1020,26,12.291160144904993
1020,53,12.12584239653962
1020,71,12.422666620381314
1020,91,12.558583261729488
1020,107,16.291949412229002
1020,125,10.592114431539494
1020,142,11.085187066995228
1020,160,14.448364248257423
1020,213,12.513624491051674
1021,54,12.878681984410694
1021,91,11.63506598875038
1021,109,16.983428713320926
1021,145,14.193926887125976
1021,163,16.249847313711165
1021,181,14.008528227613382
1021,200,14.720160738152483
1021,218,16.739564009482336
1022,36,10.912190887271343
1022,59,12.589178539417226
1022,78,12.902535503871988
1022,98,13.441184904821768
1022,117,17.305007081362987
1022,137,13.846845247603262
1022,156,15.450155186829768
1022,176,15.48065659267487
1022,190,13.528981350335389
1022,215,12.713647299328352
1022,240,9.621656596624637
1023,43,14.631489297053994
1023,64,14.02293602370918
1023,86,14.347634448226984
1023,128,16.582982655985944
1023,143,11.145247417311024
1023,171,10.223135425742553
1023,192,15.226871486513048
1023,214,14.301266822940928
1021,15,6.861950518235035
1021,35,9.701429299341964
1021,53,8.861529852774638
1021,65,9.50557406564343
1021,70,8.79350523087079
1021,88,11.800231997638386
1021,106,16.466994286286486
1021,141,13.832494257451248
1021,159,15.368716283437347
1021,176,13.112723935616302
1021,194,14.511275096812412
1021,212,15.792379707679235
1021,230,11.806601746965036
1021,242,7.782276850464456
1022,73,11.998668769275511
1022,110,16.487818341054947
1022,146,14.65442241002443
1022,164,16.084614984218774
1022,182,14.438852047363842
1022,218,14.36562697325247
1023,5,-1.5486183028777831
1023,18,8.090691273303278
1023,40,12.667335224611659
1023,44,10.587099726898792
1023,61,14.54798796049423
1023,81,13.277907735495994
1023,121,17.443589672251992
1023,129,13.76760330172706
1023,182,15.463518131534599
1023,202,13.78728429588951
1023,213,11.313621271683846
1023,222,12.993226118584625
1021,17,8.203968215523766
1021,52,8.712261476091212
1021,70,10.38099788240446
1021,87,9.99690976654636
1021,104,15.642333874869115
1021,139,13.165792925133053
1021,156,14.177158972662788
1021,191,13.271781120886262
1021,208,14.54331423415832
1021,218,11.531629332539396
1021,225,12.405130687149441
1022,35,10.673154687114874
1022,53,10.41394883610101
1022,74,11.40963187104064
1022,88,12.129779806931197
1022,106,15.641730216220129
1022,141,15.208758713464352
1022,159,15.481703405112208
1022,176,14.69135484609825
1022,194,13.975173186291308
1022,211,15.315534534433212
1022,229,11.802936840000644
1023,36,9.519396280833199
1023,48,8.331760495387831
1023,76,12.082200827111489
1023,96,12.877980204358622
1023,115,17.22277945530077
1023,134,11.252749151494983
1023,172,15.27079208903714
1023,191,13.297594869640328
1023,211,13.20998130572455
1023,230,14.252728656737602
1021,17,11.887387600050216
1021,69,10.357732500999052
1021,86,9.929476434318378
1021,103,15.27182931655707
1021,138,11.127130081575077
1021,155,13.135132712507572
1021,172,11.745408800657058
1021,189,9.970032181694167
1021,207,13.678504025847536
1021,236,8.701788397981682
1021,239,9.172188432630193
1022,30,10.232424046009108
1022,62,9.779913578080674
1022,72,10.139872702700847
1022,104,14.285581508265752
1022,138,13.405327933762862
1022,155,15.449747445510162
1022,173,14.089800194563116
1022,207,14.96703193420153
1022,225,11.664729518509196
1022,241,8.976467371258895
1023,37,10.404838238741005
1023,55,13.35215222014104
1023,73,12.29318269980373
1023,92,13.626461341436183
1023,110,16.701307882973666
1023,147,12.113547037421725
1023,165,14.861141008740852
1023,184,13.436292755300506
1023,202,11.620938413485646
1023,221,13.258235449377864
1022,2,8.25258906224604
1022,14,4.77166892021081
1022,103,13.885463674050323
1022,154,14.973557831301267
1022,171,13.68745309361117
1022,205,13.07648456985567
1023,12,7.637336074294724
1023,35,8.826058353852291
1023,53,10.622482014249657
1023,71,12.704991680043062
1023,89,13.214989545498115
1023,107,16.575923319472356
1023,142,13.621875873509058
1023,160,15.294987755745055
1023,213,12.303083779706643
1023,236,5.693690710680136
1023,242,8.603465861931657
1002,46,9.11232470375744
1002,70,7.653015443816349
1002,93,11.464574221778863
1002,116,10.289708190808257
1002,139,14.89021741434768
1002,209,13.829823050818797
1002,4,6.542032731788834
1002,46,11.167109411008857
1002,55,-0.1994505090350086
1002,60,8.173563715414202
1002,92,12.31272817907924
1002,115,9.016030016889312
1002,138,15.487378623278467
1002,161,9.804739342874528
1002,184,10.935252379757628
1002,198,11.382473084085294
1002,207,14.913400763693168
1002,230,13.483372780582702
1003,35,6.69973986268117
1003,47,9.315050168683248
1003,64,8.05045193789277
1003,70,9.508287574436125
1003,137,10.017150689163172
1003,140,13.937994756177584
1003,210,11.151125371717468
1003,239,8.636721483403786
1002,43,12.65860127527024
1002,64,11.729896565994192
1002,85,12.685972212738072
1002,107,13.307612112075258
1002,128,16.679512540375704
1002,149,12.96051714917896
1002,166,12.477901763474046
1002,170,13.356128887878667
1002,191,14.546473744373882
1002,213,14.595727983883728
1003,46,11.631223668019672
1003,70,10.850681204424916
1003,118,11.67246512763393
1003,139,15.521960517485368
1003,147,9.84503966151766
1003,157,7.541980193500109
1003,162,11.366258937885956
1003,176,6.774213435996756
1003,209,13.337981631142863
1004,31,2.295599860432872
1004,45,6.727489068475942
1004,68,11.732051572478682
1004,91,12.018578499706173
1004,136,16.31108188305332
1004,154,11.402258718825127
1004,182,11.923457703502924
1004,204,14.797445459433852
1004,227,13.540538957424106
1002,28,10.767147329464816
1002,71,10.809715802316038
1002,89,11.337152880803608
1002,107,17.405750387668526
1002,160,16.533771007446212
1002,178,15.78320901710567
1002,197,15.385754461200117
1002,213,17.027213180605262
1003,45,13.424189551462236
1003,68,14.070980192665065
1003,91,13.849581455478589
1003,100,13.043316661878883
1003,136,17.79554113777901
1003,167,14.043500274070219
1003,181,12.305132295372651
1003,204,15.824845280660258
1003,226,14.457733253083298
1004,67,10.032722023180678
1004,134,16.267249266399354
1004,153,9.274873327206402
1004,156,10.50284614271419
1004,178,10.681144702152325
1004,189,10.093041447983213
1004,201,14.082561926425011
1004,223,12.873439116296417
1002,48,9.917366490442198
1002,81,11.007434616209153
1002,97,16.35927052398727
1002,129,14.911101078716804
1002,145,15.999547581159963
1002,162,14.848670358811496
1002,178,15.439106602791925
1002,194,16.0068596351766
1002,210,14.914539708829233
1002,226,15.921226163301665
1002,245,8.684854827984164
1003,35,14.808435535166558
1003,53,14.857597634126062
1003,71,15.246110211535322
1003,106,17.54717606395993
1003,117,14.433186527939997
1003,143,15.838881250774957
1003,161,16.8403501216519
1003,179,16.48589417198971
1003,214,17.19497903419521
1003,227,15.01819752073189
1004,72,11.330331080140956
1004,85,14.673251590798536
1004,127,16.204027256733376
1004,148,12.548741799294307
1004,191,15.251846778822973
1004,212,14.933063948576883
1005,10,7.433264502755198
1005,33,7.801569140627526
1005,70,8.156493648578637
1005,80,7.67885911441628
1005,104,5.635490476038456
1005,130,13.144386427697096
1005,162,7.923304964202824
1005,194,9.227372468930641
1019,10,13.327423340825455
1019,42,8.05513347624128
1019,60,9.270240893988461
1019,79,8.705853722228117
1019,103,12.863452619321238
1019,119,15.03874578128844
1019,154,12.335433665171818
1019,179,12.107684043850286
1019,20,7.362033330544568
1019,57,10.505292338117737
1019,114,15.553382495899431
1019,170,13.151906226501843
1019,204,11.500957153876715
1019,227,13.1925918907145
1020,32,8.845908556531922
1020,56,8.726885778359556
1020,84,12.379853335640515
1020,125,11.848939573249142
1020,183,9.382343436220866
1021,21,4.5739324988409535
1021,83,7.863237985936937
1021,133,13.964027880301987
1021,164,nan
1021,198,9.720202031871127
1021,201,9.498918632641326
1021,223,9.904336704555268
1019,9,11.211929621516708
1019,42,7.7649674801309665
1019,67,7.860228403074232
1019,110,16.518774217533963
1019,165,12.208785943507783
1019,186,11.224480645642998
1019,220,14.877868747617129
1020,80,10.923516330419396
1020,90,9.416218155131032
1020,120,15.510297304190546
1020,134,9.524974142688995
1020,181,11.038882340132755
1020,188,6.137732960187692
1020,201,8.688554575820667
1020,221,10.721615041543489
1021,22,12.953420940352057
1021,83,14.502227801443038
1021,126,12.927865054327526
1021,130,15.741929621975077
1021,196,13.55979557345787
1021,218,13.619487313307047
1021,230,10.143128337221714
1021,239,9.769120737579973
1022,90,11.069593330187262
1022,134,13.728744890516268
1022,179,6.641751052045669
1022,186,6.569475363691556
1022,202,11.32458779682819
1022,224,11.131925558128252
1020,21,12.699427554505887
1020,24,12.239457810616072
1020,40,11.711590491190112
1020,77,11.587461794817195
1020,115,16.209247201938155
1020,129,11.810550577953428
1020,173,12.804647614672358
1020,192,9.753858176719348
1020,211,10.712329349873135
1020,230,13.824449178630005
1021,10,6.403941932674161
1021,43,7.5555783263774074
1021,52,7.448068903855303
1021,64,10.058519626507305
1021,77,8.61003406044117
1021,86,12.857764811478452
1021,128,16.658532761550347
1021,150,11.332144286028736
1021,193,14.24774341468424
1021,214,14.833530126177921
1021,235,13.003914166070958
1022,10,nan
1022,17,-4.0212083338191205
1022,26,3.7977963247211397
1022,67,9.809141061755968
1022,89,11.578137948554673
1022,134,14.201179583790719
1022,150,8.775540404392778
1022,201,12.24409547769801
1022,208,5.757287495258618
1022,224,12.043155767044544
1021,31,6.38129863681835
1021,37,-5.253776694462395
1021,99,15.201190978597584
1021,114,4.970065491234924
1021,125,0.4524723688253101
1021,131,11.3855514137928
1021,148,13.579132044507435
1021,164,11.775878680322778
1021,180,12.269465622773733
1021,197,14.380164724209703
1021,229,12.750008658747733
1022,40,9.910512674197788
1022,100,14.68727828066114
1022,133,12.648219142234812
1022,150,15.647318206436582
1022,167,14.00267112445162
1022,184,13.26077480055977
1022,200,13.035034718788221
1022,217,12.828514790280941
1022,233,12.904172137045693
1023,74,14.965251964581858
1023,111,17.246333091063878
1023,148,11.201035710933914
1023,167,15.276120292083906
1023,185,14.745691611477552
1023,222,13.938072029143688
1024,55,9.850723783285364
1024,82,10.320910735298112
1024,118,15.10452995179634
1024,157,12.174571003009953
1024,177,15.283943015356448
1024,197,13.606871892440214
1024,216,14.214558635348562
1024,234,13.32653692781086
1022,34,5.661933950377566
1022,73,3.921587220339846
1022,80,2.7442037987659003
1022,86,nan
1022,95,-4.6271435081252
1022,112,5.318768763608503
1022,137,14.23360509093565
1022,184,0.38147647993974343
1022,206,12.327360219103067
1022,229,8.527281186039401
1021,53,10.028881932836693
1021,71,9.12294415121111
1021,79,9.513626676722474
1021,140,14.731542325289267
1021,210,12.880193505264781
1021,241,9.261834932372585
1022,78,8.037513027929219
1022,92,10.254164487965923
1022,101,-2.165440103807982
1022,106,5.948348605143733
1022,138,15.514444183955549
1022,165,2.789355618878075
1022,195,6.6801730362493394
1022,207,12.378361950345232
1022,248,9.45165456511851
1023,68,9.100772932081732
1023,87,12.084713338831246
1023,130,13.559150685240253
1023,147,10.675186997975244
1023,196,11.153329068895026
1023,218,11.04534523120755
1020,24,4.242032537163536
1020,34,3.5601926418279555
1020,48,10.20706924669894
1020,62,6.563627729772438
1020,96,6.629765520052709
1020,120,5.092436740225359
1020,143,13.008837941649103
1020,151,4.14787968600163
1020,162,7.398679647667884
1020,215,8.725721001459734
1020,245,8.591552235547955
1021,54,11.617836411562765
1021,90,12.858570985234135
1021,135,16.620754078197997
1021,165,12.664248694043938
1021,180,13.17857471033237
1021,203,15.610939232981135
1021,226,15.023805692175438
1022,43,7.345498737815644
1022,94,9.06413363812797
1022,111,15.558557341781283
1022,166,13.94307954510211
1022,203,13.57505511526703
1022,221,16.26326803427142
1022,238,8.85353336579761
1023,49,4.500279720686997
1023,105,16.439418942833555
1023,136,9.190163671196935
1023,141,9.19885774672832
1023,175,9.912173437455387
1023,209,12.792679361178331
1023,211,13.406194997196238
1023,219,12.650389807598552
1016,6,9.925512616321301
1016,58,8.244994635299268
1016,85,8.891792583108394
1016,116,8.635655061372919
1016,153,8.742552089964272
1016,172,6.613505132145198
1016,187,6.998845775706992
1017,21,13.900819574888125
1017,45,10.070458166059275
1017,62,12.146274735617661
1017,90,9.699992542764486
1017,135,15.581343186116847
1017,202,13.968243187809708
1017,209,11.280460324111687
1017,226,12.509049622343124
1018,100,15.375280800185685
1018,129,7.981644272892199
1018,150,12.716253620210205
1018,167,10.976409099932209
1018,200,14.726433429727454
1019,27,6.175525418806749
1019,93,14.312733762459967
1019,102,8.305357779806643
1019,139,10.616596560907997
1019,155,8.215940778764878
1019,169,7.831992253939876
1019,185,11.295051234662237
1016,19,15.109931035114577
1016,138,14.282465167611157
1016,167,11.893347079509468
1016,194,10.415795345376706
1016,208,10.953765160875202
1017,24,13.08478797193009
1017,26,12.633984156209655
1017,55,12.733901050683007
1017,115,15.978853070514635
1017,138,12.036941588987787
1017,157,12.24485474633637
1017,174,14.456218261862565
1017,202,11.367098644963033
1017,229,15.48860595785573
1018,14,7.719469963421145
1018,93,12.491498603824995
1018,187,12.448027529116064
1019,25,2.207747936577214
1019,91,14.135930042003233
1019,137,9.92453204319053
1019,166,8.737842145669841
1019,182,10.644672742651844
1013,84,11.8063487641836
1013,126,13.809539109656228
1013,139,1.529721010048752
1013,150,9.20010646357414
1013,176,8.981775813046784
1013,190,12.943441237497117
1013,231,9.658859551808828
1014,98,14.104368951801678
1014,146,12.489418740479
1014,195,13.129067545347183
1015,25,8.281804781394074
1015,66,10.486065190600444
1015,93,12.17649840138508
1015,196,10.68565246859329
1015,207,8.596967382397494
1015,217,10.072970555870446
1011,52,7.678033290175156
1011,110,7.449439900003812
1011,140,11.675087212052087
1011,172,5.0512201130829695
1011,210,13.208905274431695
1011,248,7.902209407576219
1013,21,6.658076261063588
1013,44,11.120708652556297
1013,100,16.042890961134802
1013,150,14.771813960183087
1013,167,11.96480436203489
1013,183,13.124833464392102
1013,200,15.503377739790178
1014,1,12.63062649971317
1014,21,13.287641282520102
1014,72,11.84945996243246
1014,85,11.29990906108236
1014,138,11.109084111124119
1014,147,11.091024835798656
1014,218,11.903406639587871
CUT,19,11.593727909309422
1010,47,11.319958028050838
1010,54,10.539610544694224
1010,109,10.791623431283126
1010,131,10.592395254505549
1010,202,10.215561165234728
1010,212,10.604865464284316
1011,38,5.501331938104653
1011,92,7.5134067240068925
1011,138,13.826425745368013
1011,207,12.585933042059871
1011,231,10.668085367735507
1013,19,9.722412289056866
1013,96,13.986171042888769
1013,127,11.478717748485073
1013,143,12.732526205812658
1013,177,11.970822873114177
1013,191,15.242216077118979
1013,223,12.762095621160896
1014,86,3.865226916712995
1014,111,7.425666563611158
1014,167,6.275639613682094
1010,37,12.39855316227751
1010,79,12.10956156503681
1010,109,11.3060143722449
1010,139,12.487514057786482
1010,225,11.974619727351781
1011,23,5.186331056520579
1011,90,10.883953783540488
1011,135,15.225741931819627
1011,203,13.71633936762575
1011,225,12.442561149045524
1013,42,8.537756884907859
1013,77,8.877331019085208
1013,93,10.872936787232483
1013,127,8.364761498331882
1013,187,10.614323550273498
1010,137,12.79279317223493
1010,178,9.150102255789797
1010,214,9.42436179274005
1010,220,10.205925387862516
1010,226,9.529832922675023
1011,84,11.35068420707658
1011,126,16.049059046818005
1011,168,12.447931726668667
1011,190,14.581363434957645
1011,211,13.513741134527526
1011,228,13.502434445355327
1013,13,-2.155915910792844
1013,37,nan
1013,97,2.829604249595044
1013,121,3.730221460181999
1013,154,nan
1013,170,2.652109550424613
1013,206,-4.2592221985989624
1009,56,9.143292334778856
1009,79,9.417269070582075
1009,87,10.354512261148752
1009,113,9.373356904562192
1009,127,9.42932697150549
1009,152,9.83781170412734
1009,190,11.105121693038058
1009,229,10.42244093911643
1010,38,8.993062385049084
1010,90,10.239098249183325
1010,135,15.154445057097927
1010,177,8.38443610393803
1010,202,11.547052432668758
1010,225,7.493450661264395
1011,63,4.5424784964514
1011,69,6.1105602939902335
1011,103,15.804625489163712
1011,155,14.138097449205464
1011,172,14.048753440947301
1011,207,16.229980563513244
1011,224,14.019755930328914
1009,88,12.512330123758503
1009,170,11.380027231028233
1009,211,11.66423718191166
1010,64,11.029424283769536
1010,85,11.882259627223068
1010,107,10.50675945599031
1010,128,15.817434931696951
1010,182,7.660289079356588
1010,192,14.128935319449718
1010,213,11.12825704592404
1010,247,7.15731265543858
1011,37,8.89139785814624
1011,52,8.798001892600617
1011,95,15.251298158653803
1011,127,8.216347730806522
1011,142,12.627898472562798
1011,158,11.038161057437929
1011,174,9.623412618935891
1011,189,13.384774621935234
1011,205,9.212499389924686
1011,221,13.368316939043138
1008,24,nan
1008,45,nan
1008,113,nan
1008,134,12.553212181936079
1008,159,nan
1008,177,nan
1008,201,10.089679541110508
1008,223,8.872922239419417
1009,6,12.315806253371193
1009,18,11.329992255256961
1009,38,11.045185736189016
1009,62,12.567714286020017
1009,71,12.303631683152664
1009,130,13.744344446050052
1009,146,10.64478700691952
1009,187,9.96253926557128
1009,208,10.103725650668935
1009,221,7.297641882753449
1010,50,9.503502101253558
1010,66,9.804228716307492
1010,99,15.28858712333351
1010,149,10.847826504463129
1010,188,11.111589856614795
1010,199,12.819881328706163
1011,18,7.909269193506148
1011,54,11.377056496016976
1011,92,12.307175195202202
1011,121,10.910389035009002
1011,138,10.175513668628058
1011,180,10.999388464302886
1011,184,11.208433138828852
CUT,15,8.01748202837349
1008,132,15.018510077911548
1008,198,11.591520174307473
1008,220,11.067791870856173
1009,21,11.575796348447705
1009,58,11.660300140948511
1009,91,11.90205771514216
1009,121,14.855141149090178
1009,129,11.286450550368947
1009,159,11.372148080517698
1009,181,12.257878670042587
1010,95,14.739696205977825
1010,148,11.046139132126136
1010,195,9.597194371765948
1010,211,9.419183293537355
1010,213,7.720616025743709
1011,38,9.338073966129139
1011,92,11.832448332151777
1011,149,8.144325887151862
1011,216,9.88108477201845
1007,66,12.108031330181127
1007,85,9.007729278776324
1007,135,14.39008998595134
1007,204,13.35834661019785
1007,227,10.077876752692788
1008,10,8.755409944646557
1008,25,5.064127080314934
1008,37,5.446310301223429
1008,86,3.4700076098818196
1008,127,15.237400824297328
1008,151,6.65869708453085
1008,190,14.124295476623786
1008,211,11.198877079044884
1009,79,10.102082507589529
1009,105,14.8834975180798
1009,120,10.52776387972403
1009,157,10.833498201236944
1009,193,9.94961201530163
1009,201,9.208702431091885
1010,76,13.253664694805005
1010,101,13.367447396139703
1010,132,13.294381478495696
1010,136,12.663311609553183
1010,199,14.127188334348912
1010,225,13.655938550358579
1007,22,7.258160096160619
1007,47,9.026307597832421
1007,87,8.407659849128997
1007,121,9.648532753758545
1007,131,16.11667497763958
1007,196,13.879350548119053
1007,218,12.825968888405175
1008,16,10.386504715696203
1008,86,9.650293186974908
1008,92,10.447150275261903
1008,116,15.439989192788964
1008,155,10.969778799112664
1008,174,14.123673883325807
1008,193,11.569936271740477
1008,219,10.946082300074506
1008,232,14.579466076761127
1009,39,8.566850565843957
1009,96,11.99701444876705
1009,145,9.152175308999189
1009,221,9.12859457233714
1009,225,9.052973455922137
1010,22,10.507532564573845
1010,24,11.542625334603951
1010,56,11.277587094982934
1010,92,12.14159543267681
1010,125,10.817728082894519
1010,186,10.969728354083347
1010,217,11.067198161052573
1007,122,15.067964845501221
1007,163,10.740592546736456
1007,183,12.68304835180353
1007,202,10.538579401295829
1008,17,10.332013780798047
1008,105,14.214992627483191
1008,117,9.742346121126962
1008,146,10.937861792365887
1008,183,11.119230894367618
1008,210,13.961705414128042
1009,13,7.480131504798493
1009,158,8.159932765799764
1009,185,7.473781881508232
1010,11,10.188815194660638
1010,92,8.85092251291469
1010,140,5.511877126956126
1010,154,5.546021640713463
1010,171,6.477907786047423
1010,219,8.238127911761682
1006,126,11.655138806787395
1006,190,8.418121493632498
1006,216,6.901588776156799
1007,38,9.276315920718732
1007,78,9.679689763163493
1007,83,6.348650272788667
1007,100,8.040952220377468
1007,114,14.185521002609464
1007,135,7.943001764045514
1007,171,13.514785888357967
1007,214,7.855834394266826
1007,229,10.499920927199726
1008,74,10.699184999486652
1008,87,10.83557132920427
1008,100,12.65594584250415
1008,150,11.078420005243299
1008,157,9.383500418244882
1008,184,11.73742378048166
1008,200,13.615302172008704
1009,31,2.97331021911537
1009,63,3.7689875471077694
1009,140,6.534578371511631
1009,173,3.9548778015942605
1009,176,3.035999474989874
1009,194,4.306183993489723
1009,220,7.45241497285717
1006,55,nan
1006,64,nan
1006,87,-1.1797688684079635
1006,122,10.597758220188517
1006,184,10.201382598601885
1007,13,6.38788881618699
1007,34,7.246008417207197
1007,62,8.917015722549564
1007,107,14.504055696562784
1007,143,9.427215084669392
1007,161,12.740301653954202
1007,214,12.400739753657774
1007,228,7.260022251360784
1008,98,12.658182808078251
1008,164,9.744514634905695
1008,228,9.390489762601863
1005,31,8.36214920872239
1005,103,nan
1005,128,7.543224523516608
1006,30,9.791815975013389
1006,84,0.45732542572627716
1006,117,9.45096893428825
1006,150,5.77563050716104
1006,196,6.397843455970978
1007,29,10.546989288386794
1007,48,10.798624106224953
1007,62,9.04151302274075
1007,102,13.311181200320483
1007,153,10.681738005670647
1007,204,13.669280972699074
1005,28,nan
1005,49,nan
1005,83,nan
1005,125,nan
1005,160,nan
1005,187,9.06964757231858
1005,208,nan
1005,217,nan
1006,30,8.57347754440434
1006,72,9.099470040115945
1006,77,-0.481827367451994
1006,99,10.047709792029922
1006,163,7.32684243321859
1006,202,9.541239117649642
1007,38,10.260667640050876
1007,74,11.3430704121885
1007,83,11.074458856990777
1007,99,11.172826959834111
1007,149,11.939603352698782
1007,198,11.959620456344906
1005,95,9.85517962263423
1005,157,9.841852315372543
1005,176,10.526840587024711
1006,44,9.829314657088963
1006,103,10.724597640078308
1006,159,10.4306618083486
1006,202,10.893093797426141
1006,228,10.160070997542423
1005,4,11.915528880700716
1005,23,12.201092848364105
1005,45,12.46353905443987
1005,76,11.84938568148014
1005,80,10.989665342321315
1005,103,12.06869055220368
1005,159,11.244524899853241
1005,217,12.6793477651145
1006,25,6.735014239953489
1006,30,7.726133591977177
1006,74,7.738450853428825
1006,98,10.302213087461126
1006,104,7.949376230257955
1006,118,0.42616226581374184
1006,121,6.438460719051288
1006,141,7.95390875246722
1006,195,7.452687692600771
1005,102,11.715448661246375
1005,124,10.412060161395495
1005,186,8.699128405184258
1005,237,6.344796837147836
1019,137,11.639310809807204
1019,207,11.813536378203175
1019,5,8.271700018820328
1019,74,8.404592625147789
1019,130,7.630070947117761
1019,163,5.4347879468198155
1020,30,4.695482866161525
1020,48,11.59258258943954
1020,72,10.324997936729773
1020,95,10.79836616251093
1020,142,15.340087347587353
1020,190,11.434840280166531
1020,213,12.987260268481645
1020,244,6.610042071422376
1019,116,14.602740558510918
1019,154,5.227737138807845
1019,174,10.558035321579474
1019,193,9.66215625526042
1019,212,10.474531252075291
1019,231,13.982581347350688
1020,43,11.07434361302889
1020,64,11.656093993677905
1020,86,13.819531708246046
1020,128,15.66510365842177
1020,147,9.080284301431455
1020,150,9.443935276734754
1020,160,9.884456847057537
1020,182,9.989908913723276
1020,192,13.480708830236203
1020,198,11.473720190060737
1020,214,11.02574714431611
1020,240,6.672431329665402
1021,9,8.359220161347483
1021,23,8.224711157475287
1021,91,10.861916139648278
1021,136,14.61913831108931
1021,205,12.494913483701938
1021,228,11.979274649784566
1019,9,nan
1019,21,nan
1019,33,nan
1019,66,nan
1019,109,13.990183134831211
1019,132,nan
1019,139,nan
1019,164,9.38150003689234
1019,200,4.805430120552606
1019,219,14.466950362575703
1020,3,7.660982141650559
1020,18,8.460857088304166
1020,40,11.714218788575437
1020,61,13.302223747539191
1020,81,13.705796277236589
1020,122,15.572469808358436
1020,157,11.258411801257573
1020,161,12.21275127621454
1020,181,14.560953141782736
1020,202,13.352292490015001
1020,222,12.69438451508407
1021,27,10.627646144115
1021,133,13.34329772704309
1021,176,10.656400768982483
1021,194,8.501598429268695
1021,196,9.899672795598924
1021,210,10.001326475086307
1022,91,10.33270072279123
1022,139,10.334795512069732
1022,204,11.17158629258126
1022,212,5.849222153367317
1022,226,9.033919761544624
1019,47,2.8730018929642998
1019,105,15.534532303602656
1019,148,3.085602470401196
1019,158,6.17187783282054
1019,194,-0.609972802888291
1019,211,11.976439531639098
1020,17,8.331576102120016
1020,38,11.423683348581157
1020,57,13.417518041001559
1020,76,13.3508343593899
1020,113,17.096242456612
1020,132,9.998190254478066
1020,170,15.652952068525217
1020,189,13.537228156642968
1020,208,14.167963884734707
1020,227,16.39516768825419
1021,3,9.89235628385186
1021,12,10.757274923930886
1021,34,10.937276730454236
1021,47,10.780243776324369
1021,55,11.055845098425639
1021,85,12.056453169561678
1021,106,10.614413565031102
1021,127,14.247136399327713
1021,191,12.82959865397931
1021,199,10.452236665777173
1021,208,10.52702346655396
1021,235,11.207414126676573
1022,27,15.47594940077277
1022,135,13.039842193069454
1022,204,10.850015978194138
1023,15,4.736968542254366
1023,45,12.470676385893455
1023,67,12.030427375197592
1023,134,14.350342145660003
1023,201,13.519344701424494
1020,4,7.5137000118685595
1020,52,11.127984316311412
1020,69,12.06989663263569
1020,104,16.35595013993861
1020,139,12.59781998650986
1020,157,14.745120828810968
1020,174,13.919203348714413
1020,191,13.192048216807777
1020,209,15.369408853321238
1021,9,11.612227475378381
1021,74,11.15074354634164
1021,113,15.214739784452295
1021,170,13.930860752478635
1021,191,12.337997337828329
1021,228,14.352513439980202
1022,3,12.351720410493012
1022,64,10.725195309517524
1022,85,12.454181308856633
1022,128,15.552579398347945
1022,170,10.891517514487274
1022,191,13.646280698068274
1022,213,12.840033864131348
1022,234,11.414282824600651
1023,11,11.125791218256403
1023,62,9.33297183570134
1023,86,11.654937988375828
1023,110,10.401543028106811
1023,122,9.139883575565388
1023,129,12.292298485573934
1023,193,13.20804927170286
1023,237,7.685698376630915
1022,7,8.300478852151041
1022,58,9.794099637673119
1022,76,9.597151271878271
1022,99,13.77994494636007
1022,131,10.818474760504827
1022,148,13.489458750348806
1022,164,11.427280777690726
1022,180,11.195830986423225
1022,197,13.938989922257631
1022,229,11.941232120253408
1023,15,11.915651067827921
1023,40,7.406530719211695
1023,86,5.562610246274467
1023,104,15.365384589450798
1023,124,12.611823311307692
1023,140,7.090821808530528
1023,156,9.913327149007339
1023,173,9.478208648259805
1023,206,11.944594004609053
1014,60,9.998746794443145
1014,93,10.556887446786858
1014,156,10.779286830376584
1014,189,8.113557173494222
1014,197,8.60326976229002
1015,40,5.460297784078812
1015,45,9.173072594455922
1015,93,8.036519487676244
1015,120,8.186399141636265
1015,176,8.504462630210764
1015,244,9.119106040451202
1013,85,11.038368952810753
1013,91,9.953470844191834
1013,125,8.183480960770806
1013,137,11.244178859035017
1013,156,8.043044873077282
1013,206,10.552174930222812
1013,237,8.896991172803101
1014,18,7.913269477800138
1014,26,9.601649910505886
1014,72,10.20765089194203
1014,112,12.034522133523266
1014,131,10.911722400997
1014,146,10.50196379807938
1014,162,11.580016651253393
1014,172,11.491991952389313
1015,40,nan
1015,68,nan
1015,114,4.021930386481309
1015,205,nan
1013,44,10.070579820092716
1013,78,9.978554003732107
1013,135,13.689854196706793
1014,38,8.9867057907229
1014,56,8.855599288074492
1014,79,9.656158717565953
1014,119,11.400577945022585
1014,173,8.673441636357772
1013,69,12.331505783622616
1013,90,12.80628238381018
1013,103,12.324293812815153
1013,132,11.866180974278448
1013,184,11.716091054219774
1013,194,11.457255599672923
1013,209,11.16127762819065
1013,243,9.036263738631895
1014,52,11.6504302340395
1014,92,12.194085294654318
1014,112,13.096679110300883
1014,213,12.161624085906414
1011,17,10.960278092328721
1011,72,7.650324795839421
1011,121,nan
1011,141,10.576282570088626
1011,168,nan
1011,213,6.538011810753127
1013,6,7.850653596884789
1013,31,7.124550150444361
1013,58,6.749818346651929
1013,112,14.928450238219284
1013,132,8.023505431878116
1013,152,7.787655058920948
1013,169,10.75208658773314
1013,206,8.015164945334039
1013,225,12.128827741172486
1014,27,10.026084063946962
1014,75,10.91287119108123
1014,124,9.979305379942542
1014,131,9.571008134445885
1014,150,9.938376683115258
1014,163,10.664452887772992
1014,182,10.832979095502047
1014,207,10.509626973635216
1014,210,10.11322168725886
1014,219,10.607618764213228
CUT,5,12.705353252599236
CUT,8,12.807998587126086
1011,17,14.85092093647603
1011,74,12.610714448157545
1011,82,nan
1011,94,-2.2597221791511206
1011,123,nan
1011,141,12.986669602650052
1011,172,7.504553163343381
1011,185,nan
1011,211,9.758692285513064
1011,236,7.776142334270918
1013,11,8.42545308894229
1013,35,5.674994916953993
1013,64,3.8035420802454443
1013,83,5.675359922292323
1013,105,13.646189765038256
1013,158,9.659786728346376
1013,211,13.035537599393795
1013,228,4.126211871629655
CUT,7,13.20384658414909
1010,1,9.13170716425238
1010,21,11.328475388420694
1010,66,12.121187278224163
1010,103,11.607819882424337
1010,139,13.891468731586947
1010,182,11.532584133405322
1011,1,13.750166852586352
1011,15,13.225410861413424
1011,30,10.531074974521005
1011,52,7.8642747645129525
1011,91,11.40484392696596
1011,122,8.3964911711125
1011,137,15.806763584892177
1011,205,14.039447559392064
1011,228,13.858126280141015
1013,2,7.646716042678735
1013,40,5.066764595132379
1013,85,3.604520459798314
1013,93,3.382589331805981
1013,99,12.588743433153478
1013,149,10.01512400759662
1013,198,11.31782902286874
1013,229,4.242662864428478
1013,238,4.391283194375322
1009,24,10.290544383634778
1009,75,9.100593267412826
1009,86,10.075269623314576
1009,101,8.604075791608887
1009,134,9.660858039836112
1009,222,8.358301287461366
1010,134,15.227498830693222
1010,187,12.53661757486884
1010,201,13.009514887100133
1010,228,11.389330584013138
1011,8,10.944362775864867
1011,62,2.5977434202837757
1011,87,8.14410657030582
1011,104,13.880947866509013
1011,124,2.4257988971584266
1011,155,13.407804775804859
1011,174,13.249962158447897
1011,209,14.207148735812638
1011,225,13.360778417583978
CUT,13,13.34889337599992
1009,14,5.292633713805222
1009,32,6.693671567127143
1009,75,5.435302488298204
1009,132,12.037320558654978
1009,154,5.6250167848755925
1009,163,6.148931812352918
1009,213,7.277693068322561
1010,13,9.748946992665259
1010,113,14.398561438467414
1010,149,12.573673784461675
1010,228,12.612208241681769
1011,52,9.672851262738696
1011,65,11.104218915954938
1011,105,11.119227433593824
1011,156,10.644706150550952
1011,219,9.960872923438055
CUT,13,12.749892190157146
1008,57,11.593916880964002
1008,111,11.178964539855345
1008,131,12.696695733495266
1008,185,10.88700479828351
1008,204,10.406131641371417
1009,54,-1.6211991947624813
1009,61,nan
1009,66,4.028695138281783
1009,78,2.088822938356037
1009,123,10.138395516965758
1009,190,6.212642079216966
1009,209,2.4275946411962437
1009,242,6.540701000514762
1010,40,8.209703864653216
1010,99,14.145869341657624
1010,129,9.32098167230715
1010,198,11.006135113579848
1010,231,10.990467049121557
1011,17,9.651345165603129
1011,24,7.837547115576129
1011,56,10.457237987111
1011,154,9.63199643670864
1011,187,9.61234855485714
1011,221,10.221136462331806
1011,231,8.356560628555473
1006,17,5.297883529122238
1006,25,8.255466729796455
1006,55,9.190129123513351
1006,79,6.059826791259649
1006,127,11.486068486520633
1006,146,9.698497631111616
1006,151,8.930062253894306
1006,167,8.2504505637847
1006,190,9.90889079473994
1006,212,9.605078587640774
1006,228,8.06746998641755
1007,15,12.08889856485263
1007,25,11.068729448645861
1007,50,11.943392152825115
1007,65,10.649147230407179
1007,72,12.12594988570502
1007,112,11.513701172348007
1007,166,11.993324735128983
1007,222,11.606314453800081
1006,85,11.382060722313529
1006,95,10.443937592343701
1006,118,11.984010900494253
1006,208,11.58570533240402
1006,228,11.067947597533735
1007,107,10.205677357002113
1007,156,8.752896137108365
1007,199,9.223824588399264
1007,234,9.194963819875689
1005,20,11.70295146216568
1005,92,12.26221018005644
1005,206,12.421133404337542
1005,230,11.321075928470725
1006,8,9.41073295946541
1006,44,9.067169269254164
1006,65,10.61590376377588
1006,106,11.563766579563797
1006,124,9.830196630073154
1006,132,10.072324062828438
1006,149,9.377754336521003
1006,201,8.736626225636625
1006,212,8.538979252436809
1006,217,8.939966429030353
1006,243,6.668143534907061
1005,114,12.70794015732243
1005,146,10.483410092823002
1005,157,10.881453958665732
1005,164,9.985455754957755
1005,227,10.70629112578983
1005,247,8.200975908713174
1006,66,8.853926202349008
1006,84,8.844583430857448
1006,102,10.116604131705337
1006,153,8.846380419570153
1006,191,8.936469318566258
1005,31,10.524758087135766
1005,52,11.66404636358928
1005,107,11.403583443329737
1005,171,10.054324471608938
1005,204,10.345587969146287
1005,238,10.063213578353523
1031,30,9.37567132563851
1031,119,11.665047565423139
1031,186,12.6139778542682
1031,228,11.004423841838221
1031,71,6.907184730125877
1031,114,12.836946150370387
1031,135,7.609467807806093
1031,151,7.159622211925058
1031,168,3.109221170128904
1031,172,6.631371212869563
1031,198,7.309224340139444
1031,205,5.439822235846155
1031,228,11.636394055667772
1032,41,9.70869275150709
1032,66,8.806238643698846
1032,92,10.971018738612097
1032,105,9.120960920670637
1032,113,8.566621644999389
1032,126,8.34335961823502
1032,155,10.488910105101093
1032,202,9.178661089450316
1031,3,6.849799680585376
1031,37,7.0027554349222845
1031,110,14.165050405784603
1031,220,13.031206825417625
1031,240,8.548316602483515
1032,33,10.97667526908506
1032,45,11.22303874350987
1032,48,9.521844152734317
1032,99,11.146203756712564
1032,119,11.064916484917102
1032,126,10.365951164284166
1032,138,10.367649495570134
1032,156,11.101847258356031
1032,181,10.01457904499375
1032,221,9.776168595729295
1032,249,8.184917151476611
1033,23,3.9957709730426973
1033,38,4.739657612200297
1033,45,1.4811164123796114
1033,86,5.874872775517391
1033,129,12.295042128913057
1033,135,6.913610977554221
1033,211,3.4418812488353794
1031,10,nan
1031,28,4.002104094243663
1031,107,14.188977064924588
1031,141,4.480826126643413
1031,159,6.142065956044778
1031,212,12.2943010491027
1032,56,11.079809597374354
1032,91,10.570661192780227
1032,115,12.201142849570253
1032,147,11.226420403331902
1032,158,10.529217898007632
1032,230,12.94167404817252
1033,49,nan
1033,55,nan
1033,58,nan
1033,117,nan
1033,128,10.923769831471217
1033,130,3.1334541304446732
1033,192,nan
1032,20,12.271152520088284
1032,51,12.989325037231767
1032,100,13.809010916410369
1032,121,13.290194693511918
1032,204,12.914978177155172
1033,69,6.787989956641837
1033,122,9.472140409867173
1033,150,-7.550797826454852
1033,180,0.7754782132033731
1034,111,12.089880402467841
1034,129,13.120657294858209
1034,146,9.509489253156248
1034,150,11.710022782052649
1035,38,9.448156627725453
1035,54,10.744911280085125
1035,58,9.144028469043908
1035,67,9.778174463923587
1035,111,9.686217156780486
1035,131,10.341638422156866
1035,147,9.092169952764937
1035,186,8.504454674794038
1035,228,6.355254500924177
1032,41,11.819050102445798
1032,64,12.600483153413995
1032,139,13.741706665640724
1032,164,13.077397072730829
1032,207,11.906785073607523
1032,223,12.751531983302023
1033,8,9.614607743386525
1033,24,11.008817022173158
1033,40,11.654855203472072
1033,98,10.974104645918345
1033,116,13.94527430064728
1033,175,11.53720267534454
1033,233,13.443263610472185
1034,82,11.45150984082678
1034,127,12.221554477635465
1034,174,11.621073742841705
1034,195,11.250658687996125
1034,225,9.582709123172407
1034,240,7.90507203492443
1035,54,8.20860838579275
1035,130,11.114270021700625
1035,134,7.531925492987698
1035,144,5.753627511408052
1035,155,5.3562561159409405
1035,201,7.410754380366432
1035,236,7.5766582502094995
1032,145,11.947287533831993
1032,157,11.038001235208739
1032,166,10.746858826882535
1032,208,12.915536394191324
1033,38,12.18979135476362
1033,67,11.642961911041859
1033,103,11.374889425458425
1033,111,14.84651820979879
1033,167,11.885969240854681
1033,223,15.32320440642643
1034,47,11.687234870729789
1034,76,12.172756298343039
1034,125,14.109303050015196
1034,148,12.105434180802593
1034,187,12.600641879056278
1034,215,12.010357825172084
1034,226,11.677498686446688
1035,18,12.3368773087503
1035,92,11.504967104903336
1035,130,13.268456762522352
1035,149,11.57677659695489
1035,155,12.313168205999858
1035,185,11.539812007120958
1035,195,12.527702006441059
1035,216,11.354684217422811
1035,226,10.433279974238527
1033,89,12.537314493640729
1033,103,13.371176505844408
1033,149,12.567545888066459
1033,178,12.802617044684766
1033,201,13.303201130187283
1033,206,12.887336357312364
1033,232,12.994107540505592
1034,31,11.339313008760993
1034,78,8.994549267995492
1034,117,14.141395073534573
1034,175,11.85661193979595
1034,233,13.921264533704695
1035,62,8.550192944996022
1035,83,11.120753930492286
1035,125,16.160540541621263
1035,146,10.529234006059227
1035,167,11.809828666556893
1035,187,13.812048779145588
1035,208,13.589884377986582
1036,29,-3.170726056671529
1036,93,-5.269370923450101
1036,136,10.094015941792051
1036,218,5.840281952128037
1033,22,11.739853143696175
1033,98,12.123027123968628
1033,157,11.183032794133766
1033,164,12.501341784488101
1033,229,11.657284296798345
1034,26,5.977840086591804
1034,62,9.278632170644606
1034,103,14.808671293836198
1034,155,13.778913865947523
1034,172,12.200450714916808
1034,207,15.074470466886059
1034,224,11.328677719871603
1035,10,8.908022001477471
1035,56,7.696693729879499
1035,75,12.323610531048054
1035,113,16.529917373772722
1035,135,8.64991784111572
1035,143,9.40346457306237
1035,150,12.457359833262494
1035,169,14.973858161375606
1035,188,12.708392842002116
1035,207,13.091220495983944
1035,225,15.252670599074111
1036,26,8.044623384051565
1036,54,7.444036939548243
1036,66,7.070124613946719
1036,89,5.533327230340117
1036,126,10.302483122405304
1036,160,9.122081788602205
1036,175,8.381812639612608
1036,239,4.737954654626842
1033,6,9.408981163705626
1033,28,9.826479041374265
1033,77,9.181552381727965
1033,94,9.228578912055422
1033,143,9.746685661876835
1033,209,10.492132669175604
1034,22,8.53202608507797
1034,56,8.294572205507484
1034,68,10.613925891156281
1034,82,10.004946665973264
1034,100,15.207889058943774
1034,149,13.404618051979021
1034,166,12.327739568954517
1034,199,14.026519958114958
1034,233,11.611967847437645
1035,58,2.999233599341653
1035,70,8.793000057400063
1035,105,15.065793830764797
1035,141,10.126644941565013
1035,158,12.282497812144598
1035,176,12.88989980951406
1035,211,15.71508114444892
1036,42,1.691246845392783
1036,95,4.954473226805711
1036,103,2.787747329119151
1036,123,-0.38040991980128663
1036,185,4.2420238881949945
1036,201,nan
1036,221,nan
1037,15,10.22003438496524
1037,39,10.661935267710845
1037,82,9.905775302079412
1037,117,9.666657155033171
1037,142,10.745026335038318
1037,184,10.740505823403229
1037,188,10.6818223629784
1037,212,10.453715427163683
1036,66,12.063116058520098
1036,116,13.323759694076319
1036,133,12.747826488049412
1036,147,13.050711624240488
1036,211,13.11413908317106
1036,234,13.23745521301549
1037,44,12.692276141892611
1037,74,12.880485302079222
1037,130,12.769935548901417
1037,150,13.186240722879974
1037,197,13.788461759548587
1038,13,11.602270123237266
1038,35,11.183270807522144
1038,75,10.049198196911654
1038,90,9.751659327704141
1038,112,13.833311601826832
1038,147,8.460328820740177
1038,168,13.80869688189038
1038,187,10.89093858754719
1038,224,15.073731920051864
1037,39,11.205712097951064
1037,100,12.973429764938242
1037,130,11.997849143706807
1037,186,12.322183959937707
1038,22,10.606384972819757
1038,109,15.011715348595418
1038,163,14.02156707490365
1038,181,12.881954434346776
1038,199,11.196130241145742
1038,217,14.852435007224244
1038,235,11.382182821997676
1039,29,-inf
1039,116,6.6399707069313365
1039,172,6.283188338528557
1039,239,-1.7455350717145504
1037,101,13.399531862548425
1037,168,13.337850439454119
1037,178,13.87113412372739
1037,206,13.617221444542743
1037,217,13.729507657137825
1038,19,3.8158165503189947
1038,85,-6.755928371835736
1038,102,15.449020296532542
1038,137,10.34610488100318
1038,154,14.108259295580318
1038,171,13.158913097882968
1038,188,12.186586004007129
1038,205,14.983864197451888
1038,222,12.855583133139618
1038,239,10.269004763010471
1039,73,10.66666379510683
1039,110,12.01696182382369
1039,144,12.163260334246921
1039,166,13.12546942865815
1039,202,12.80785214046067
1039,221,12.877942621414846
1038,101,14.766943072690639
1038,135,8.981460441631482
1038,152,13.016421541255621
1038,169,10.749830672772273
1038,186,8.505167852728931
1038,203,13.388746179499316
1039,64,11.110610547331735
1039,91,10.926323995287143
1039,218,11.481667720389995
1038,15,5.358146311450222
1038,23,8.815534306880481
1038,55,5.33717948306108
1038,62,nan
1038,83,5.822247761643423
1038,99,13.30410886069223
1038,133,6.094411703186392
1038,149,12.728592400369172
1038,182,10.029294003957098
1039,80,10.814887915093818
1039,107,14.5394578644561
1039,133,10.603823296158453
1039,161,11.60971303953821
1039,214,13.403990550265302
1002,28,7.638193304464434
1002,42,6.503197366203683
1002,131,8.773945231366325
1002,146,-1.4325635854488885
1002,152,2.9891495284069878
1002,248,6.853829670504073
1001,19,8.143808072636736
1001,65,8.767755012069912
1001,87,8.565843509080963
1001,113,13.912916268401972
1001,130,14.900128600474487
1001,194,12.28812351536667
1001,196,9.470305521650598
1001,201,6.296023011854771
1001,226,10.474405558010174
1002,77,7.834287560368935
1002,127,9.793720474252297
1002,161,2.1996157343476157
1002,189,-0.6603539686688019
1003,42,nan
1003,45,nan
1003,80,5.763206980111648
1003,107,nan
1003,119,13.07751314552641
1003,179,10.64724629587217
1003,205,4.895076443031709
1001,16,4.6958602520382655
1001,23,8.907750110366749
1001,47,8.22656930633018
1001,89,11.467739601619769
1001,111,13.017777482667315
1001,134,15.56068257561627
1001,166,8.662837896407078
1001,187,8.227211648531947
1001,201,12.845955346179391
1002,52,nan
1002,74,nan
1002,79,nan
1002,99,2.3788917279488957
1002,126,10.554014121330939
1002,168,nan
1003,5,-2.1260133977529954
1003,15,2.2589508822551094
1003,29,nan
1003,52,1.0036576683376306
1003,75,nan
1003,118,13.342805628617507
1003,144,2.9881395875806875
1003,186,7.490666784226018
1003,223,0.6580170732655976
1003,237,9.33420754936237
1001,20,5.982174627542384
1001,28,7.186031426411076
1001,66,10.957776536693814
1001,87,12.799808113193897
1001,107,12.971597895248244
1001,131,16.3265379362632
1001,175,11.89381431525536
1001,197,14.819175068813628
1001,219,12.796667598836429
1002,119,10.41741983566852
1002,153,2.4372244230257563
1002,179,7.262693872694754
1002,199,4.343297909143708
1002,234,3.5671024702617498
1003,73,12.662082497500386
1003,112,15.549786266027288
1003,169,12.340294157952215
1003,225,12.675539448627493
1001,85,13.856421358415318
1001,96,10.851968557024591
1001,127,16.790863099500232
1001,148,11.729409843066481
1001,170,12.25509893771401
1001,176,9.470548757302945
1001,191,15.332995246593589
1001,212,13.194855916547548
1002,42,12.480067389915437
1002,55,11.674130978706206
1002,80,11.852863790317842
1002,100,10.200294481608886
1002,103,10.189036782593064
1002,110,11.29110520537725
1002,158,11.168463833169556
1002,174,9.997748635076945
1002,192,11.082944610227067
1002,221,11.183095602682432
1002,235,10.630237743270099
1003,71,11.201920474493905
1003,106,14.968766110923175
1003,157,9.841767772730892
1003,176,10.675510768844884
1003,198,9.124453215528002
1003,210,10.859755765121369
1003,222,9.424995765245663
1003,238,7.048986944700913
1001,26,7.680028230691631
1001,55,14.212807657281932
1001,62,13.577679658400065
1001,72,13.458067133494398
1001,109,16.338715671324717
1001,146,13.10065761434779
1001,163,15.549342856930323
1001,182,14.563069413545236
1001,198,13.819362622930846
1001,218,15.421493562449635
1002,101,12.63807718247563
1002,125,11.130728293054776
1002,153,11.524998622244919
1002,177,11.621651311997343
1002,179,12.078991705563176
1002,203,13.234022785102868
1001,66,12.916396920468395
1001,99,17.256735816973578
1001,116,12.254901545274702
1001,133,12.592465539772213
1001,149,14.700436134966573
1001,165,14.297763005053215
1001,182,14.192911836217617
1001,199,15.797308793696194
1001,217,13.141559188370987
1002,65,11.016299960275058
1002,98,10.510730256590886
1002,134,8.668836479929338
1002,158,8.692028128444901
1002,220,10.290624797219065
1001,48,11.571841174096951
1001,54,10.775068589033959
1001,95,14.333039573418887
1001,111,10.302582074816184
1001,127,11.582538719853838
1001,143,15.520175323115446
1001,156,10.661117286489286
1001,159,13.698859954360039
1001,175,13.020004017145881
1001,191,15.544229035291426
1001,223,13.116434378096951
1002,27,8.411703149868504
1002,115,7.657312391789411
1002,176,9.33003853344654
1001,28,7.99283263356383
1001,47,9.117540122328919
1001,63,9.235352935463066
1001,94,13.967214882165928
1001,140,13.502086010714143
1001,154,10.400776831826338
1001,156,11.661661937155166
1001,187,14.20050833466729
1001,212,9.16200527315506
1001,13,12.096389582975206
1001,76,9.690261595997233
1001,103,12.716382402847215
1001,141,10.660716886906075
1001,172,7.835671305050155
1001,187,12.974240073206584
1001,206,9.794740034792504
1001,242,8.26904422162502
CUT,12,13.013144352304229
CUT,10,12.424021392339807
CUT,9,12.77386155887229
