CCB,15,5.87266946345789
CCB,7,8.990977460743409
CCB,15,8.387839671101046
CCB,12,7.330941771234549
CCB,18,7.4211809414716114
CCB,22,9.825335255577825
F3TN,40,11.546536573264003
F3TN,73,11.385290581210361
FPAP,9,11.009656065556932
NEA2,11,9.318570803651742
NEA2,18,8.305238007822735
FPAP,4,10.37447643999419
FPAP,29,8.692102265168336
FPAP,8,7.74007151357143
FPAP,14,7.484805767641063
FPAP,17,7.385973729185924
FPAP,27,9.578218262428473
F7TV,18,10.278539397855816
F7TV,33,12.543954126119923
1276,14,14.150509295909696
1276,29,14.561945162060193
1276,34,13.777414799534277
1276,71,14.34403890614412
1276,91,13.195584271172397
1276,118,13.622496622120895
1276,127,14.841725494144546
1276,141,15.953199177524162
1276,190,14.723643812173197
1276,213,14.688121613662906
1277,36,10.56548615610083
1277,62,12.372420822012726
1277,88,10.370970761041205
1277,103,8.0663350689418
1277,120,-5.855086794340481
1277,131,15.512305539064943
1277,176,13.994766799101457
1277,197,14.736831049074883
1277,219,14.039814156033685
1278,55,9.781613645366129
1278,76,8.62026149669685
1278,82,11.729880795116214
1278,107,8.54672493799134
1278,117,10.84255689403436
1278,124,15.476076302563113
1278,145,nan
1278,165,13.835854179481784
1278,185,13.092155978743278
1278,206,13.84283393103046
1275,4,11.041582902058833
1275,19,9.03818970076987
1275,30,9.301838034259113
1275,44,9.250667454789646
1275,69,11.393357871409961
1275,94,12.528872177282848
1275,114,11.166428448850386
1275,142,16.482148719661897
1275,189,14.358675665936833
1275,212,14.5502319784345
1276,9,15.892754869451142
1276,40,13.104857797718692
1276,67,13.614009183432403
1276,82,13.57024313450017
1276,95,13.621833949833302
1276,129,15.94070195154388
1276,173,13.948920654346292
1276,189,13.010602082840157
1276,193,14.158455847911515
1276,215,14.553455352648053
1277,31,5.2306206292532025
1277,58,12.685564351473248
1277,77,12.563472030365324
1277,115,16.53351128470575
1277,155,13.142299223038565
1277,174,12.871237581536079
1277,192,12.633003415759907
1277,231,15.574913148139872
1278,8,6.220879048577627
1278,15,7.766847787423455
1278,74,11.227214517778883
1278,110,16.485766469677984
1278,147,14.12175876937026
1278,164,14.05143574978895
1278,171,9.622898206250708
1278,182,14.044528938127742
1278,219,16.65021117702015
1274,112,8.090918757257837
1274,141,15.56195687199111
1274,187,13.447119308326009
1274,210,14.002065704395019
1275,33,10.601871411446698
1275,43,9.373493875375475
1275,54,10.524247916894351
1275,65,12.684254595213766
1275,86,12.449601798067489
1275,109,12.374766362314844
1275,129,16.812924474185035
1275,173,13.916711676019222
1275,194,15.17631110520876
1275,216,15.22227965544717
1276,21,15.464838075836639
1276,29,14.948954837446685
1276,56,14.698014478021793
1276,76,14.331431103703114
1276,102,12.805940738605521
1276,114,17.25826600816568
1276,154,15.192266899019103
1276,173,14.595435011324376
1276,190,14.216287337611153
1276,230,15.45935403139943
1277,37,8.86582688416426
1277,78,10.236112739287828
1277,103,15.304252999803658
1277,139,13.643457177791575
1277,172,12.037051919010743
1277,208,15.123656426803095
1273,46,11.335820098340603
1273,81,7.994434861022159
1273,91,7.156026617094943
1273,107,12.250819061180147
1273,137,16.126936833741
1273,160,11.336890607211544
1273,183,14.135120950427659
1273,205,13.968449584375852
1273,228,13.531396044799049
1274,34,7.3481200231063735
1274,45,8.842867432133021
1274,125,16.34381731579403
1274,166,15.5416098138619
1274,187,15.672247760760733
1274,208,15.323991340665247
1274,231,12.23986978951582
1275,74,12.807791838228846
1275,112,17.053206317070742
1275,148,14.968197789891708
1275,187,14.366295401783301
1275,223,17.381716522950164
1276,9,14.00681541309263
1276,34,11.928812807303458
1276,50,12.55276557261646
1276,77,11.579574024429863
1276,101,16.72223395380228
1276,134,13.849832646739454
1276,151,13.852604061173786
1276,168,14.14625488896655
1276,185,11.646770560948333
1276,201,16.302534268004628
1276,238,10.254484423898163
1272,4,9.726108598868878
1272,33,8.985320947231328
1272,67,11.394832495539127
1272,83,10.524737069430703
1272,134,15.243800147101123
1272,178,13.765004507357004
1272,202,13.029824849607245
1272,224,13.25663184542066
1273,15,6.393407516177487
1273,21,8.063947302062651
1273,71,10.82636697815313
1273,81,12.953648225972339
1273,103,11.05319488284364
1273,122,16.884485071448864
1273,162,15.047293434973765
1273,183,14.287623078219847
1273,189,12.922995897880561
1273,203,13.912506013345682
1274,72,12.245905104988532
1274,108,16.329551886790096
1274,144,14.860429725157411
1274,163,13.913210765605994
1274,181,13.875492538735777
1274,187,12.33495599429637
1274,198,12.445368748212083
1274,216,17.1687343992394
1275,11,15.420864401938708
1275,66,13.461919172574532
1275,82,12.812617223369578
1275,99,16.867124679687514
1275,132,13.706272598742025
1275,149,13.91287651978175
1275,166,14.598613451798098
1275,198,16.91450548865147
1275,216,12.228467437792986
1275,231,14.194151143443719
1270,12,11.458368497499515
1270,47,9.064729066484754
1270,94,12.677440691666948
1270,141,16.202143894156094
1270,168,12.398392619205696
1270,188,14.424248638945741
1270,223,12.818838537910162
1271,26,12.485329955761141
1271,50,9.196859590863106
1271,76,12.007657845347497
1271,96,10.960399598771398
1271,132,16.417343003687456
1271,175,15.151064627529664
1271,197,14.690555849720038
1271,219,14.551491005554752
1272,48,9.00782789603059
1272,78,11.673841586294307
1272,91,9.64910809593797
1272,117,14.775919815783677
1272,127,9.294167357703696
1272,143,12.042244711488856
1272,163,10.613227220529707
1272,172,11.929618231890766
1272,176,14.215186171132233
1272,195,13.611777660053816
1272,234,15.101447881237466
1273,53,12.83403638128146
1273,70,13.36650718660242
1273,105,17.26522521427117
1273,140,15.244722775003265
1273,147,12.51705977996659
1273,158,15.235580347238587
1273,176,15.095920307517662
1273,210,17.0772593886493
1273,229,14.023766815061602
1269,18,14.864120847502234
1269,63,14.777096737559106
1269,70,14.488174606063094
1269,105,13.347744064898233
1269,140,16.765737137696185
1269,164,14.107644341456801
1269,187,14.75481654532112
1269,210,15.011910804694523
1269,233,12.987761372655974
1270,27,11.43774828373164
1270,31,10.104356980921235
1270,87,12.30804265561986
1270,109,11.342638585611946
1270,130,16.091463771383935
1270,174,14.693017236015638
1270,196,14.956577964927014
1270,217,14.795217539442234
1271,20,9.24438082549442
1271,63,9.711809747632685
1271,78,10.985915652543985
1271,117,16.907264908914673
1271,136,12.892437985491407
1271,155,14.659022886488405
1271,175,14.858910260767644
1271,194,15.173410055110699
1271,233,16.49726364193725
1272,35,5.675816002809157
1272,70,11.890599697318914
1272,104,15.876260503592155
1272,139,14.860893560323987
1272,156,13.827329667441653
1272,174,12.870273040938162
1272,209,16.227784852156695
1268,55,8.221871690323512
1268,70,10.416564346350143
1268,91,10.107532670969093
1268,125,10.990196211162413
1268,137,15.252626388390372
1268,151,9.63206843105545
1268,183,14.478437357703783
1268,205,13.950156691776876
1268,228,13.415134279875343
1269,17,12.070400800126244
1269,25,11.810912888471343
1269,64,13.968611324317024
1269,99,11.515918908349196
1269,128,16.92906124527276
1269,162,13.78235018877476
1269,170,14.091955344882036
1269,191,14.93233547189001
1269,213,15.388781637338004
1270,27,15.405678712797545
1270,39,16.340152332374398
1270,62,14.934160497695704
1270,75,14.84296394783012
1270,114,16.900355458767063
1270,152,14.272343571388229
1270,171,13.833818923821648
1270,176,12.668387947329249
1270,190,15.165676157415138
1270,228,16.109061945337356
1271,69,11.234670539523162
1271,103,16.465815320968744
1271,137,14.538556091677272
1271,154,13.507112019325842
1271,171,14.224138183897022
1271,206,16.245590218000956
1271,223,11.679293829622
1271,244,7.780155103243499
1271,249,8.363569272602133
1267,24,nan
1267,43,1.414747260061344
1267,61,1.1118748709253463
1267,107,12.594919453032764
1267,131,15.45431100515442
1267,164,11.999815970859597
1267,175,13.562372147110608
1267,196,14.123393474704303
1267,218,13.407111332997225
1268,30,7.457537533763718
1268,47,6.982025324189728
1268,57,7.6558433460963595
1268,69,10.811658123009494
1268,121,15.90176722701624
1268,161,14.40430829426625
1268,181,13.656467217895491
1268,189,10.834038134931916
1268,201,14.675053776325505
1268,222,12.676501201685667
1269,36,9.214949933721115
1269,47,7.669553284460529
1269,64,9.940228338315336
1269,109,16.706075006424484
1269,146,14.370448010498142
1269,164,15.690831972567763
1269,182,15.093584734378073
1269,219,16.754237082136207
1270,32,12.128336265274438
1270,50,10.485033396338164
1270,67,10.668642147562139
1270,100,16.947774159429848
1270,133,15.21635006642731
1270,142,10.609071221085763
1270,150,15.142617532924234
1270,166,14.796373451178935
1270,199,16.393338544312012
1270,224,12.66985533567569
1270,233,13.210801489082531
1267,23,nan
1267,39,5.418972884767749
1267,59,10.800472988069181
1267,79,12.579762693659383
1267,119,16.023530247291042
1267,139,12.738292273477745
1267,159,15.046387483006413
1267,178,15.202868264153802
1267,198,14.973166262826803
1267,237,14.773139252136328
1268,18,15.127863858332852
1268,27,15.223594551380442
1268,42,15.60184872601652
1268,108,15.995118255022744
1268,144,15.011767136897053
1268,162,14.495126456083963
1268,179,13.559000217176989
1268,216,16.386736841761408
1269,42,10.910387252901682
1269,66,12.922169964596073
1269,99,15.50386838559579
1269,132,14.69505220479064
1269,165,14.92186375812958
1269,199,14.819008147021739
1253,10,14.278457428729611
1253,48,14.637733275590373
1253,52,14.932119759668872
1253,69,14.610073340786784
1253,109,12.456111817792682
1253,138,16.01257467257098
1253,185,14.146002459779048
1253,207,14.21984636449626
1253,229,13.83373263072559
1254,1,5.64761888569369
1254,17,0.4122542385029598
1254,43,12.353819354599555
1254,56,11.323565726512053
1254,65,11.468314057487435
1254,86,12.517729209825944
1254,129,15.825969827190754
1254,140,10.120370117201272
1254,172,12.248476786966734
1254,193,13.463155101335449
1254,215,14.25475843085872
1254,226,8.255130853593245
1255,21,4.795932581019231
1255,40,6.196306179888014
1255,121,16.239810888025378
1255,134,11.337506897875363
1255,141,12.064532301737652
1255,161,14.419857663543752
1255,181,14.856868731659782
1255,201,14.080664189524692
1255,216,12.172779761422223
1255,240,11.720891712688594
BWN,9,11.135744899564148
1251,1,9.376233411373882
1251,9,7.284982161420946
1251,46,13.719354116560451
1251,94,11.862104936532258
1251,137,16.229392316156243
1251,182,14.72834320330344
1252,66,14.11555497696402
1252,88,12.88731991838618
1252,132,17.03350458527511
1252,176,14.643959601051098
1252,193,12.962507550981101
1252,220,14.145403214072047
1253,38,15.415812551448532
1253,75,13.762559535655797
1253,82,13.522387545747922
1253,124,16.704818823311832
1253,165,15.023461252245362
1253,185,15.126541734122746
1253,206,13.628098430908928
1253,226,12.19992354052059
1253,231,12.283844814045722
1254,54,8.077819623542116
1254,76,11.61033691850172
1254,114,15.847226677709953
1254,171,10.097015784484867
1254,190,13.378340653640265
1254,228,15.892629046728965
1251,41,12.282673495951734
1251,61,13.385690355120428
1251,81,13.186323653119521
1251,97,12.906240999249912
1251,122,17.439455397446913
1251,163,14.75125641402575
1251,183,15.942438437918433
1251,203,15.488255636121542
1252,57,13.446434006891845
1252,76,13.40305112846991
1252,114,15.17050736412428
1252,153,14.108623704595601
1252,191,14.239732707799813
1252,229,16.789904533259868
1253,27,10.512174712726331
1253,46,10.850879426571272
1253,53,11.694493415085889
1253,71,12.474810085180659
1253,106,16.67203491459109
1253,142,13.939423909905347
1253,177,12.079314999076797
1253,213,15.619568139561625
1254,67,12.568596495165615
1254,100,14.762343559322325
1254,134,13.75819813858338
1254,150,12.245329388809319
1254,167,12.941621003338879
1254,185,10.150172596815118
1254,201,13.936862082828572
1254,223,7.372465375834558
1251,3,8.189479364925749
1251,36,12.751833928376461
1251,62,12.126460458152701
1251,72,13.421910410200192
1251,108,16.50308790783249
1251,123,12.65150325540751
1251,144,14.71620574233895
1251,162,14.933359502733461
1251,179,14.299997105191347
1251,211,14.70638313420845
1251,216,17.250728925336013
1252,34,12.472428031344513
1252,51,12.6239746702489
1252,67,14.458661968384671
1252,77,11.556511929493753
1252,101,16.881160257257328
1252,135,15.091389241456275
1252,151,15.173485977884473
1252,168,15.335543951899815
1252,201,16.112361932226868
1297,50,11.6474698258337
1297,74,11.607631388428619
1297,117,11.027160593749292
1297,141,13.224132488057247
1297,156,11.584163896296776
1297,166,11.1124197576286
1297,52,14.237776172736837
1297,57,13.99233476285086
1297,86,15.050987168112231
1297,137,15.248412100365114
1297,184,12.949600139573644
1297,222,14.04274965129728
1298,73,9.806281908132386
1298,78,10.897690042132064
1298,102,7.932558139168551
1298,117,9.800082175279954
1298,146,11.551943076557698
1298,156,11.660193624595381
1298,219,9.39128812477258
1297,8,11.519511292110515
1297,50,10.517661335817706
1297,78,13.698709483882123
1297,128,16.128240966143494
1297,140,12.89999087762709
1297,148,11.92555669771525
1297,169,14.385022825229491
1297,191,11.989397080792585
1297,212,13.713778720290932
1298,72,12.156318641042969
1298,96,12.282663960661983
1298,144,15.916145594654978
1298,192,13.641744732085773
1298,216,12.975459826572129
1299,4,8.335773218744148
1299,11,12.866029123394515
1299,27,14.360341063872006
1299,65,13.589731911859309
1299,97,13.033556158487817
1299,134,14.40853108033561
1299,149,14.683391874570635
1299,157,13.67554282268664
1299,174,13.36185473581973
1299,198,14.337931489075222
1299,224,13.137329127959083
1297,36,8.186903349202977
1297,74,13.222976019775077
1297,110,15.0031932519171
1297,147,13.800356184139941
1297,166,15.20063056510553
1297,184,15.041751282666528
1297,197,10.961980954793034
1297,221,14.52933107633265
1298,11,10.52093095061117
1298,36,8.653251501979465
1298,65,13.110087903546027
1298,130,16.718001726556505
1298,161,10.825659988222142
1298,174,14.77673206932887
1298,217,12.857489141773152
1298,229,11.904370413234734
1299,146,16.52413463521878
1299,170,14.051382115087133
1299,188,13.765365309920849
1299,195,15.735951907023411
1299,206,14.141223210384927
1299,218,14.059291698830375
1300,6,11.81679555478597
1300,14,14.101636000371109
1300,40,11.808463672653058
1300,56,13.357864669557532
1300,115,12.258469655832343
1300,143,14.198263725028362
1300,192,12.279075045773673
1300,215,12.392368085005634
1297,7,8.928222790457722
1297,38,7.1040088117314495
1297,51,9.03978830398543
1297,68,12.596840159608195
1297,102,14.924647071047591
1297,136,14.483553024691345
1297,153,13.525810934456766
1297,170,11.26994258907619
1297,204,16.06685255567705
1298,7,12.05506314769686
1298,30,11.901402144545877
1298,56,13.673428753240152
1298,74,13.957038823141817
1298,111,16.250847377577905
1298,130,13.965676481006593
1298,149,14.38868736504493
1298,186,14.314342676772744
1298,223,16.71564817861936
1299,53,6.4375045402173106
1299,68,13.919642511958228
1299,103,12.727656856273853
1299,136,17.278013153997374
1299,181,16.230162349284424
1299,203,16.734307564644798
1299,212,15.711865485926497
1299,225,16.726592933934764
1300,29,16.21899388973594
1300,44,15.980872107733857
1300,48,15.193853997950429
1300,65,16.518593868230003
1300,70,15.86793676211881
1300,90,14.26357464542448
1300,109,15.077650145196122
1300,137,15.728079567916167
1300,206,13.74790559760103
1300,222,13.996031921591872
1297,8,10.558263876708125
1297,59,6.776483598451518
1297,64,10.29566357405747
1297,97,15.293538431746098
1297,129,11.377509753899172
1297,145,11.96228918500291
1297,193,14.308612134030572
1297,204,10.344678796208509
1297,225,10.18658012158663
1297,236,8.626071900704803
1298,11,12.502098656801694
1298,98,16.982418949659554
1298,130,15.034188604611723
1298,147,14.088950728454765
1298,163,13.680040905222612
1298,189,10.033006759429323
1298,195,13.570268490300645
1298,219,11.698677929153448
1298,228,13.821031500099865
1299,22,11.196164682728789
1299,103,17.094770922311618
1299,138,16.143949624885384
1299,154,16.056960538333843
1299,171,16.586245882109168
1299,208,17.484837580798434
1300,38,10.233643071543554
1300,75,11.84146167925551
1300,84,13.640295696854981
1300,125,16.109089614943954
1300,167,14.344928540750448
1300,188,13.984451316211173
1300,209,15.158382236494523
1298,21,14.552144134731662
1298,32,14.855686328082696
1298,58,14.866869679215347
1298,85,14.879739456464103
1298,124,14.194374553474006
1298,140,14.664804952734201
1298,156,13.292165816194075
1298,187,15.082742639557125
1298,198,12.217964546520136
1298,208,12.616098177384318
1298,210,12.478371489349547
1298,229,13.269637402490943
1299,15,13.279472979938664
1299,21,12.86620133835788
1299,83,12.197054755402355
1299,93,16.4792105167221
1299,124,15.975451253288913
1299,139,16.31368393544778
1299,155,15.661930361178921
1299,186,16.349158538703318
1299,217,15.89904018221854
1299,232,15.096269834754008
1300,6,12.717718339354123
1300,14,13.72177398478394
1300,83,11.660034850666483
1300,91,10.683244671802905
1300,112,16.407836299268517
1300,149,15.071528951117436
1300,168,14.021978162025807
1300,187,13.69715213640058
1300,216,12.130185166740029
1300,224,15.674622815162946
1301,16,9.693827138401904
1301,41,12.516288571625063
1301,73,10.936047048567549
1301,93,10.686025807236215
1301,110,12.043923383848622
1301,126,14.751973169926327
1301,168,12.687823727800371
1301,189,13.395679462494783
1301,210,12.849773606313663
1299,4,8.517313378613542
1299,12,10.796503796978172
1299,26,6.40463256823642
1299,90,14.798676495842226
1299,104,9.430355456328886
1299,119,12.068193189998038
1299,134,14.064883809842959
1299,179,15.216004476386004
1299,209,13.162008208221778
1299,224,11.390862098202557
1300,20,6.3613292551757175
1300,64,11.000528042856505
1300,96,15.06790818168076
1300,128,13.36406788421524
1300,144,14.70057635200304
1300,160,14.543045372125183
1300,192,14.666355765019162
1300,225,11.8839877002616
1300,247,9.065907508160338
1301,15,12.914882092605751
1301,69,12.263327936307293
1301,86,11.018719845262872
1301,103,13.668579874797862
1301,109,14.859525073323855
1301,131,11.195522360991639
1301,146,13.355415444543631
1301,165,10.734220110626449
1301,175,11.560598141034832
1301,183,11.766588025428298
1301,206,12.611291943467206
1301,219,12.738149578907652
1249,23,9.340851802392752
1249,41,10.335581114325441
1249,50,10.611030327633589
1249,87,14.184386827322314
1249,142,16.443332587304823
1249,169,12.803856469832983
1249,189,15.145284184622572
1249,212,13.926976015081532
1250,69,12.034672207753033
1250,87,12.372083695970876
1250,97,10.909636638595428
1250,104,11.757591895025845
1250,115,12.082046435867138
1250,138,16.17667402598319
1250,155,11.712188174325089
1250,185,14.033475993722949
1250,207,15.0039494834689
1250,230,12.659899879622749
1251,65,11.480268225382488
1251,87,12.24618690915767
1251,109,10.808544447798262
1251,131,16.001034327627693
1251,175,14.141578164808376
1251,196,15.25147179807005
1251,218,15.18253968549355
1248,44,11.391689737806875
1248,51,10.5323115649929
1248,67,13.343918123774452
1248,103,12.912415961770865
1248,132,16.31620291911029
1248,171,11.357026752855571
1248,176,15.10981364053194
1248,199,14.802137794667631
1248,221,13.453485929675972
1249,44,10.703562438297613
1249,56,4.892959700386428
1249,65,11.759776787501604
1249,87,12.749750368184301
1249,102,13.610495071831519
1249,130,17.278460326675447
1249,173,15.543551878536995
1249,194,15.314455331860145
1249,216,15.767358724636452
1249,243,8.678097990228494
1249,247,6.597335654316398
1250,48,12.43053544792113
1250,67,13.365563975676968
1250,85,13.200288446624171
1250,127,17.07677152036927
1250,169,15.60325499809414
1250,190,15.170353162824174
1250,211,14.518080425271396
1250,232,12.95435627940324
1251,39,11.99265844181192
1251,80,13.733702606870464
1251,121,15.920407660894444
1251,161,14.877412415768184
1251,180,13.010724552419974
1251,200,13.861826117315623
1251,222,10.091501773550567
1247,18,12.931613018906212
1247,42,11.775716133817866
1247,57,11.220436794001749
1247,84,12.244484654721724
1247,126,16.749330723009077
1247,157,12.564435182454513
1247,168,15.024510685505039
1247,189,14.479262665158261
1247,209,13.87916989413998
1247,224,9.500504379076473
1248,24,8.162863781718716
1248,58,13.523146338913882
1248,96,12.57481386050924
1248,116,17.03464234392236
1248,155,15.414364961139011
1248,174,16.053636195887456
1248,205,13.179547778925302
1248,231,14.47382716743517
1249,34,9.566585529584898
1249,54,12.88813814412453
1249,72,13.376365156494526
1249,97,12.192873161022524
1249,107,16.79697361599633
1249,127,13.216532518087416
1249,143,14.596761359971042
1249,160,15.049068983781545
1249,196,14.444497438986199
1249,214,17.675112828078202
1249,227,14.297049321106705
1250,53,14.100844064206692
1250,70,13.82792411056884
1250,105,17.665857425361892
1250,141,15.665476774570985
1250,158,15.25768426712036
1250,176,14.970997270850885
1250,211,17.280418506852627
1250,229,14.145093202524933
1251,52,12.992739116113887
1251,70,13.604983116974887
1251,105,16.65349855321348
1251,140,16.206433131841226
1251,157,14.433314529789882
1251,175,15.5429532821569
1251,210,16.580326729731574
1251,235,9.123489925864229
1251,237,7.770627658008977
1251,244,7.41355625021057
1247,57,12.970097042665913
1247,95,11.959938227756343
1247,115,17.25654215503771
1247,153,15.657172767507003
1247,191,15.42065354891584
1247,229,17.07157459251247
1248,34,11.124083006215242
1248,54,11.425526490301376
1248,82,13.683795624694003
1248,103,17.508980910414323
1248,114,12.083459675151564
1248,118,10.748896869858541
1248,137,14.612170391839719
1248,154,15.992031870372504
1248,170,15.16482686145004
1248,204,15.964295855571093
1248,239,12.56376200266834
1249,22,9.703471182791711
1249,32,13.076600180231473
1249,64,13.974128577369243
1249,81,11.887320513308381
1249,96,16.22315446044989
1249,105,7.714356331611949
1249,128,14.975261135848951
1249,144,13.508458408658697
1249,160,13.707890004593642
1249,193,15.919455023812459
1249,225,14.115593683492735
1250,48,13.325968347065562
1250,64,14.801257081838033
1250,96,16.88277808212783
1250,113,12.846718766796846
1250,129,14.589796768411825
1250,144,13.858664675182968
1250,160,13.834572319421214
1250,193,15.54597981497851
1250,225,14.329913040755338
1243,22,8.23689997779596
1243,27,9.356161879094332
1243,39,10.023291718501458
1243,69,10.88064089455077
1243,91,12.843319093583233
1243,137,16.777623952351593
1243,183,14.044074353971132
1243,206,13.162023565013207
1243,229,12.112404220336774
1244,62,10.032479291962906
1244,91,9.8645348323372
1244,148,16.159204422218505
1244,198,13.844482157903917
1244,222,13.503648693382651
1243,83,12.312998705830315
1243,93,13.038604430089062
1243,127,17.244068941200407
1243,146,12.702610742373857
1243,168,14.631002998467428
1243,190,14.196072740624825
1243,210,13.903952185169059
1243,231,9.99316222453967
1244,70,11.79283020482455
1244,79,9.386778812627654
1244,92,11.860810522480634
1244,139,16.41782176670915
1244,161,12.515141016733708
1244,184,14.30684247394109
1244,195,13.93268981152558
1244,207,15.285482066306901
1244,230,14.400591801294958
1245,33,13.75519997664966
1245,76,11.745821546940336
1245,121,12.295374176032103
1245,151,16.36673553241814
1245,178,9.593153011837721
1245,202,14.54180218177363
1243,6,10.00022750088097
1243,57,11.649352785608741
1243,76,12.286116140071229
1243,114,17.53202674409101
1243,152,15.020563241589128
1243,190,13.300450703922236
1243,228,14.928418445130882
1244,16,14.257730206518318
1244,63,13.549502424779558
1244,89,13.351439840578845
1244,126,17.78014665844653
1244,150,13.371466260280274
1244,167,14.396472409219845
1244,188,15.013128001532435
1244,209,15.119215545317795
1245,8,14.44528639617175
1245,21,14.61581298207744
1245,28,14.639974844138411
1245,47,14.799651438500657
1245,65,14.19471996732602
1245,69,13.100426322028351
1245,88,11.145808902138556
1245,102,13.341297887267686
1245,107,13.155262938761501
1245,142,16.641212549493524
1245,189,14.204755212725608
1245,213,14.322715174809524
1246,12,11.368404246344141
1246,35,12.779421898580509
1246,51,11.821739847944814
1246,75,13.61481708155737
1246,87,4.650796070030635
1246,106,10.181157157936521
1246,143,11.239865356822655
1246,152,15.360387567417078
1246,202,14.672528033469831
1246,220,12.812881158077964
1246,227,13.049428207531061
1245,26,11.755841304886268
1245,50,12.138102204711192
1245,54,12.582658316156355
1245,71,12.432500370389539
1245,108,17.27855339554719
1245,126,12.133033200143952
1245,144,15.306066536527947
1245,162,14.152081421187122
1245,181,14.822648423861294
1245,216,16.169968918317693
1246,12,13.962747048504946
1246,49,15.567106498911434
1246,80,14.776759071844094
1246,100,14.369186208040809
1246,120,17.270679264393117
1246,158,15.037303374124345
1246,200,14.048597556163802
1246,239,11.609323827028192
1247,61,11.308955277097155
1247,68,13.431489566598566
1247,134,16.361757562467652
1247,158,14.20108701957175
1247,180,15.300055223601516
1247,202,15.386529205174241
1247,227,15.509633057185914
1248,45,8.537981540335338
1248,50,12.639228613406576
1248,74,12.489038949996052
1248,152,16.080232055814115
1248,181,12.188483723507712
1248,200,14.12213548004081
1245,7,10.83604647852512
1245,16,11.249607609067896
1245,32,11.698024286934691
1245,65,13.689609565344032
1245,74,11.013970262532677
1245,97,16.740605509822792
1245,130,14.285841184332417
1245,147,15.160288018591446
1245,162,14.50731411174119
1245,172,11.772304185182318
1245,178,13.082196596635905
1245,194,15.897865363078044
1245,220,15.482166983081537
1246,34,13.468191563398872
1246,51,13.304622433068843
1246,102,17.837642406809554
1246,136,15.768262988821
1246,153,14.855897109527243
1246,170,14.175732607274456
1246,204,16.640036657009265
1246,221,13.781441391150206
1247,65,9.76504242030458
1247,113,17.808537736187812
1247,151,15.615747509211504
1247,189,15.114633237063796
1247,226,17.650593981107438
1248,87,12.718036763481372
1248,131,17.01090056044152
1248,175,14.949010326261266
1248,194,14.945162572054542
1248,217,14.365157044686523
1248,226,13.734228921586409
1247,8,9.860811777395881
1247,36,9.527772031906789
1247,51,12.889515100451675
1247,68,12.726735859132752
1247,101,16.962506365593
1247,135,15.408965347690518
1247,152,15.572858717570346
1247,193,14.826832462716094
1247,203,17.516100326569223
1248,23,0.7776227875025122
1248,38,12.962575418685597
1248,58,13.202912389455559
1248,114,16.83282891166583
1248,153,15.77373622298282
1248,173,15.49480084776642
1248,191,15.334543179854146
1248,229,17.459058443431992
1248,244,14.170891167964497
1249,23,10.514341217819219
1249,38,10.729436948974762
1249,50,12.61613520802153
1249,62,12.554544027834986
1249,95,13.638968575257959
1249,111,12.865964875152905
1249,125,17.4437451492178
1249,145,11.729993921197288
1249,166,13.566322237736948
1249,186,15.235837159010206
1249,208,14.787553623392007
1248,34,10.682124912850814
1248,69,13.848637330315688
1248,103,17.155439616154855
1248,137,15.343975620494074
1248,154,14.230452893478319
1248,172,14.721773751810618
1248,205,15.417586809857955
F4TN,16,9.529168774833233
F4TN,23,5.358095388619761
F7TV,20,8.455999731458556
F7TV,33,12.922440745989812
F6TP,14,7.989503816007102
CCB,24,4.930913933633279
CCB,14,9.535965502894117
CCB,16,8.624537176844393
1282,76,9.403941136809609
1282,135,9.47520906573934
1282,176,8.709082240831895
1282,198,8.50373386841007
1282,228,9.524192423393657
1283,30,4.283458241980767
1283,43,1.587835461568253
1283,62,6.153978319481482
1283,83,8.653919105330441
1283,110,nan
1283,124,13.973282519709418
1283,166,7.160008867939636
1283,187,12.010553412414314
1283,207,12.574299329054682
1278,28,5.003864403453168
1278,63,5.522401245824531
1278,127,14.531814713125096
1278,171,11.812895370613692
1278,192,9.96002231148921
1279,82,11.576279847759775
1279,90,8.973121425408223
1279,122,15.779045683040081
1279,204,12.821721706730605
1280,61,9.994153918764185
1280,71,9.38341384513367
1280,115,15.381684428388564
1280,154,12.861041193693211
1280,174,11.955811759468736
1280,192,12.645977692993899
1280,202,10.104525418263982
1280,232,16.029036491531784
1281,24,7.101228694215701
1281,59,9.166457633234247
1281,80,7.462528605013372
1281,87,7.4602813455861225
1281,112,14.676578443334607
1281,149,10.720208076054705
1281,187,9.87190364021442
1281,225,15.396365801299119
1296,19,17.056314085634735
1296,46,17.010615511516257
1296,49,16.647617579843526
1296,78,15.31359329770742
1296,122,15.683765236933816
1296,136,15.157579689243379
1296,156,15.674050530670694
1296,187,14.359322458427883
1296,205,14.820399199940654
1296,231,14.200565260866005
1297,54,7.946030098375325
1297,94,9.74746356907644
1297,123,2.0109142780281095
1297,142,4.193674483721988
1297,163,15.136606793147696
1297,217,11.791502045935404
1295,67,9.209375640468682
1295,102,8.656804807146274
1295,118,7.854252523230178
1295,146,15.288007273038671
1295,195,12.864563547933852
1295,219,13.01069525432146
1296,16,13.14204418572205
1296,26,12.267701227842483
1296,44,13.685172325169557
1296,72,13.931644300935469
1296,96,13.636641633695758
1296,125,12.240363561250886
1296,143,16.136751219019036
1296,190,14.72890328933223
1296,212,14.254134650090258
1297,94,11.172150419262179
1297,101,8.302481711861503
1297,157,14.901047425499318
1297,210,13.574992675662747
1297,247,10.073965393095666
1298,84,8.442457689642861
1298,97,8.120100887809082
1298,109,6.863237346271611
1298,177,10.866846369330636
1298,211,11.174286836591431
1295,42,11.699195252945916
1295,63,11.179267120810746
1295,127,15.113255973313155
1295,169,13.479661389703736
1295,190,13.780507650787378
1296,16,11.54356486630283
1296,38,13.372482040479156
1296,57,13.246987280982905
1296,76,14.481626173461004
1296,114,16.90936865106649
1296,151,14.810684605449824
1296,169,14.07053990541752
1296,226,17.36160312039136
1297,45,11.579327494932802
1297,90,8.663517389061838
1297,104,9.957596618231413
1297,136,15.382902229702665
1297,181,15.11724588695121
1297,200,13.817653558485368
1297,223,14.334806543510755
1298,47,7.4537796167722306
1298,73,10.148513571062743
1298,97,10.450110397890802
1298,147,13.345892470091519
1298,164,8.733913759956698
1298,176,10.564671611997758
1298,214,11.981735838807142
1298,235,10.667580482215246
1295,9,8.976148918603867
1295,53,10.744063886720143
1295,108,15.314856630837461
1295,144,13.260080141805197
1295,162,13.276425500006308
1295,174,12.91290690063169
1295,180,13.57278005461165
1295,217,16.238642935694816
1296,24,10.882483111845218
1296,63,12.853239533712507
1296,95,16.453440283888497
1296,126,15.613969602051057
1296,158,14.223951716772081
1296,189,15.637725230182461
1296,213,13.198699293581576
1296,220,14.038290444992736
1297,68,13.450504890687201
1297,103,14.688135200364652
1297,137,13.464312032696073
1297,153,14.212540753433844
1297,172,13.996022350523072
1297,207,16.386528189993545
1298,34,8.72146502457457
1298,83,9.265654680995857
1298,124,13.751048620610684
1298,142,8.267845324740545
1298,187,12.422643084912862
1297,61,8.751286101049205
1297,87,12.759687350021462
1297,144,7.926623592338878
1297,173,14.359144044590103
1297,202,9.26867614930655
1297,225,7.373173329114304
1298,4,-1.6739334378928779
1298,22,2.60352459709404
1298,33,8.146499741033399
1298,54,5.314395391873234
1298,95,13.797360380172865
1298,127,9.005658050041356
1298,142,9.795087304102594
1298,190,10.820135955700273
1298,225,7.73952659323219
I23K,11,7.94790716719469
F6TP,39,13.902991892679754
F7TV,8,10.54731000433015
1243,16,13.916397563948063
1243,45,15.243941555281886
1243,69,13.510637712362414
1243,83,11.461227810562251
1243,93,11.613256304496433
1243,138,15.185697563571512
1243,184,13.575155848755987
1243,209,13.650732544423265
1243,232,12.454547161189842
1243,236,8.46294438706051
1244,2,9.782497678824923
1244,24,9.951478384688896
1244,31,8.826056354353534
1244,69,12.284960686062636
1244,86,11.507419843026092
1244,139,15.477598546345977
1244,162,12.181619042793951
1244,185,14.22344732371515
1244,208,13.696192381906698
1245,9,8.73751713167531
1245,44,9.301641528765424
1245,65,10.474841969994957
1245,78,11.431106862395373
1245,96,8.967947573879897
1245,109,12.962699038626335
1245,131,16.60029792957907
1245,167,13.515839484310245
1245,174,15.414398066866863
1245,197,12.572711653772243
1245,218,13.987717495903063
1242,5,12.40356516630708
1242,67,14.21095040098601
1242,90,11.050465496332048
1242,101,12.891899405700954
1242,135,16.577658208276883
1242,157,12.551622822172906
1242,179,14.166372011238135
1242,202,11.548950959724795
1242,227,10.696393427457371
1243,17,13.626284386562224
1243,68,13.966505542248207
1243,135,16.265663662343314
1243,180,15.329031529901195
1243,192,13.189842269178236
1243,203,14.347818771928846
1243,226,14.704995438579328
1244,30,14.523755621116978
1244,87,13.5681033389802
1244,130,17.292458324105976
1244,172,13.20470082525302
1244,194,12.926018474900673
1244,215,12.580096394733504
1244,233,11.238567707761328
1245,39,13.552434458730659
1245,68,11.96211317940557
1245,86,10.643354813491928
1245,95,11.76310110145063
1245,118,17.136555049924077
1245,157,16.06432889399735
1245,176,15.488411779283185
1245,196,14.447712108093995
1245,234,14.348987822499797
1242,13,12.855488426703774
1242,32,11.355451433424575
1242,42,12.17625819265238
1242,69,12.098471665521286
1242,86,13.43117301676649
1242,101,12.479000184959869
1242,129,16.145844540551725
1242,171,15.46960500202285
1242,193,14.504594428798113
1242,215,12.623220879899925
1243,9,5.722279365812893
1243,46,6.283075108871764
1243,85,14.343741376935284
1243,108,12.437938344514201
1243,127,15.921894230597136
1243,170,14.106193460139252
1243,191,15.188319393981207
1243,212,14.555074144099851
1243,228,11.93292943627422
1244,65,12.403374952589976
1244,79,12.465660581812038
1244,93,12.319834263147698
1244,119,17.11064915375291
1244,157,14.408366926122953
1244,177,15.270762476154058
1244,197,13.964320087433036
1244,236,16.0179393572508
1245,13,9.393687657227055
1245,36,12.313791457729522
1245,54,10.312600945606256
1245,63,10.128935006314695
1245,72,10.526278968889862
1245,108,17.48833179704333
1245,144,15.146771377795115
1245,162,15.409930744930557
1245,181,14.092152995075786
1245,216,16.72975527249861
1242,16,14.564390437276183
1242,44,16.205386898669015
1242,65,14.740661319438646
1242,86,14.705022569952732
1242,112,16.50155449678242
1242,134,14.342233195151369
1242,149,14.887550903416798
1242,168,15.844519560433232
1242,186,14.836995453571944
1242,224,16.592938583198702
1243,71,12.379845246744933
1243,88,13.003015935531522
1243,106,16.2141098414786
1243,141,15.954487091574357
1243,159,15.68132772942171
1243,176,13.46939989971785
1243,212,17.132353514277508
1244,25,6.955067980554093
1244,34,9.76509463112911
1244,68,12.787241723067904
1244,84,12.917686801993531
1244,101,16.224944393998854
1244,135,15.028530452288253
1244,152,15.711384057869072
1244,169,15.4367876837978
1244,202,16.40272015031441
1244,210,13.274015646079956
1243,24,14.260885806333391
1243,43,14.15630906525279
1243,96,16.742492272708777
1243,128,15.948221933860067
1243,144,15.20700391536137
1243,160,14.71393093804777
1243,192,13.363267154724499
1243,218,11.64969610836059
1243,224,14.36369853639153
1237,23,10.586076713699196
1237,46,13.113575945537564
1237,69,12.765775882233159
1237,92,12.400392744746547
1237,139,16.748310421995633
1237,185,15.977704199264405
1237,208,15.633036930739
1237,222,14.684197397752445
1238,47,12.48812215830496
1238,94,15.08990027449216
1238,102,14.244139121152145
1238,141,17.021100599839915
1238,188,16.429923619109974
1238,212,15.741560368861979
1238,227,13.337122691643389
1239,47,11.9410589426823
1239,70,14.17217323549951
1239,83,12.02937545044065
1239,98,12.542754040337039
1239,107,12.821862917930275
1239,141,16.49983112309976
1239,188,15.535173296150614
1239,222,13.677587689117953
1237,19,12.092573652869339
1237,38,13.670605366030637
1237,65,13.3054529427252
1237,114,17.01777361458034
1237,137,13.482353644790827
1237,152,15.085990173291261
1237,171,14.890078244026071
1237,190,15.694809800862648
1237,229,17.014576267323974
1238,36,10.82835484355649
1238,38,13.897661424280095
1238,77,14.132546067498557
1238,115,17.03038187922079
1238,153,16.187899057737184
1238,173,15.08091255241704
1238,192,15.563421555137237
1238,229,16.272394347367488
1239,14,6.587073065052266
1239,41,12.386487481628203
1239,70,12.92391089949557
1239,102,13.368677627184567
1239,123,17.903921831683277
1239,163,14.976788566761543
1239,184,16.27841572574802
1239,205,15.530760266184284
1240,43,11.153439274934357
1240,86,9.451887695701828
1240,128,16.48060007803619
1240,149,13.882093947854717
1240,170,16.275020923830294
1240,213,14.531569804021931
1240,217,14.242619592216183
1237,23,9.148832277586477
1237,33,13.55576989280776
1237,50,12.209342958717393
1237,67,12.569790607997826
1237,100,17.16337285882165
1237,149,15.699679425988402
1237,166,14.309721176697167
1237,199,15.402763285293533
1237,220,13.767188686166573
1238,34,11.305360355918692
1238,66,13.412598340647339
1238,99,17.354957392152542
1238,133,16.53490734352227
1238,149,16.216199563681972
1238,166,15.622088226551238
1238,200,16.3896014063171
1239,36,12.035662573774415
1239,54,13.205046097211303
1239,72,12.865771672627544
1239,107,16.315981696560144
1239,146,14.520801578342766
1239,162,15.23207562118441
1239,180,15.029303021797805
1239,217,16.885762657554938
1240,39,11.90435518209221
1240,59,7.963994316123855
1240,79,14.48111335702706
1240,99,13.059021958475327
1240,111,13.176410484949951
1240,119,16.28087683778983
1240,138,13.707977120834054
1240,158,15.50607830273475
1240,191,8.874921867098974
1240,199,15.254654822714816
1240,226,14.830541803428918
1238,47,11.29417053437233
1238,92,16.956816191452567
1238,123,15.680298164188052
1238,139,15.828138943946259
1238,154,15.288907024750598
1238,185,16.427827156782715
1239,33,12.870764226628669
1239,66,12.367950052799092
1239,98,16.722848859765516
1239,131,15.42937908157484
1239,148,15.134766211413666
1239,164,14.070832872408392
1239,197,16.252296952405743
1239,230,14.09234991952803
1240,54,10.83023878473099
1240,73,13.911320400061367
1240,108,17.325551776232963
1240,163,15.411790006747593
1240,181,15.63644755222585
1240,217,17.49402505028584
1245,23,9.341072137751524
1245,67,10.185610129731977
1245,133,15.376126280386638
1245,135,12.836439872434152
1245,161,12.751308274955102
1245,177,13.950890900654912
1245,199,12.632162827540201
1245,220,13.341029093303014
1245,231,8.855059694822454
1243,44,11.38123258768228
1243,67,12.492573272293775
1243,133,15.246383217502098
1243,156,9.42533925523665
1243,177,13.730427098486203
1243,222,10.945256351666874
1243,240,7.631375300685681
1244,22,7.5480429057572085
1244,37,nan
1244,43,12.111531954329756
1244,62,9.81385980000237
1244,65,10.979175727328915
1244,73,9.167859676621909
1244,86,11.089631599009158
1244,103,10.531106535490407
1244,111,10.350515163773395
1244,129,16.55907371251773
1244,173,13.645453598918781
1244,194,11.680985184811746
1244,216,11.169727760967344
1244,232,10.456748486787362
1245,40,12.786275993344915
1245,61,13.263413743339129
1245,81,11.849034247240946
1245,122,16.75544313451602
1245,161,14.79022725193875
1245,183,13.947820029087419
1245,203,14.632572815857724
1245,223,12.733234808187188
1246,27,12.89773767690808
1246,39,12.662851583749934
1246,59,12.58699162642214
1246,78,12.188563484094903
1246,117,15.4681622061341
1246,149,11.471757969713165
1246,157,15.84356539298624
1246,196,13.566888141318456
1246,216,13.360014155692001
1246,235,14.334705867702784
1242,5,9.500851654362332
1242,25,7.8193045504210525
1242,57,11.521128046669208
1242,62,14.518515440931088
1242,95,11.250335707968478
1242,124,17.27273639732948
1242,166,15.487635789435231
1242,207,14.351665876117954
1243,5,7.908504429358613
1243,28,6.668647511496813
1243,36,7.259345749901367
1243,46,5.44010563075056
1243,123,16.953142908599727
1243,164,14.034257184015619
1243,184,14.000400314093127
1243,205,14.817520292210013
1244,79,11.823261784475626
1244,96,11.239216086757793
1244,118,17.3761988058301
1244,157,13.108357540718833
1244,177,14.50221656421789
1244,197,14.657616051645043
1244,236,16.114295808362932
1245,33,8.645280759538732
1245,56,12.316672273349115
1245,78,11.890160206667492
1245,111,17.581780734666644
1245,148,15.01329129727692
1245,166,15.451724913012308
1245,185,14.192632466394379
1245,203,13.858928384017537
1245,222,16.92231889322654
1245,247,7.591321619497067
1242,55,11.910970236850346
1242,81,11.846555462947093
1242,92,12.100088490381092
1242,110,16.043883478248674
1242,147,14.461841350023345
1242,166,14.062832589383216
1242,184,14.142812969103316
1242,221,15.471103142890914
1243,36,10.329025196351576
1243,40,8.293795605746002
1243,49,6.949170467180565
1243,72,11.94514483820264
1243,108,16.376402735593665
1243,126,12.842133841196695
1243,162,14.371181051041921
1243,216,16.683195740328575
1244,24,9.279643565105314
1244,36,8.751272364421851
1244,70,13.105047695713823
1244,93,11.995256554003639
1244,104,14.205935793649843
1244,139,15.294348574691996
1244,174,14.508441689252486
1244,191,12.999533935681209
1244,208,16.306551583144113
1244,226,12.982357185354562
1295,28,8.076900001522962
1295,41,9.030575148326065
1295,45,9.287300751494373
1295,75,10.503959267438015
1295,89,10.062233701608527
1295,129,10.107294898325947
1295,151,14.147211596909468
1295,177,9.74654438825602
1295,197,11.133044795033783
1295,204,11.4765120598953
1295,212,11.499762710410186
1295,226,13.47668761852721
1296,10,11.55764626106864
1296,22,10.686272874691316
1296,37,9.946484823405386
1296,87,12.444505819972996
1296,119,10.447468197464696
1296,147,13.848958872082928
1296,174,9.034772973098598
1296,196,13.347737037631312
1296,220,11.357092191666172
1294,61,10.196138144123735
1294,81,11.811606105435487
1294,145,15.778890296671843
1294,193,12.7674477902094
1295,4,3.877151892511917
1295,50,5.273725364234347
1295,73,9.940352325844135
1295,121,10.12437162443095
1295,130,6.1627288891372825
1295,145,12.879146466893271
1295,207,11.820254616701323
1295,218,12.548408774747104
1295,249,6.027772994568837
1296,10,10.315411221747173
1296,50,9.883279034555095
1296,70,12.26037269060116
1296,140,16.056697649175582
1296,202,12.470143365370452
1296,209,12.186130083590838
1296,233,13.562583129684857
1293,36,8.392847873574805
1293,82,10.73853753069653
1293,123,14.524957432226802
1293,164,13.659271299354872
1293,214,9.910774204245653
1294,59,6.7407186138059485
1294,91,11.671923297924316
1294,136,17.06871256878121
1294,164,13.0409846489437
1294,181,13.464253874491956
1294,204,14.361204436396031
1294,234,10.049798924742937
1295,67,11.510287242052959
1295,133,14.152029095735625
1295,177,13.176972298933986
1295,222,14.226154153656251
1296,10,10.26521707880265
1296,70,11.670473563907606
1296,127,17.00934594049816
1296,169,14.674622487216897
1296,190,13.850200202184544
1296,212,13.549945588691827
1297,105,12.001887660951436
1297,115,10.94346533464946
1297,138,16.127643184456595
1297,184,14.802366851773776
1297,207,14.095692013132872
1297,224,11.737323548547995
1293,76,11.096358667466824
1293,81,8.412959673045023
1293,114,15.501596101721088
1293,143,8.179531831207413
1293,152,11.036449205405088
1293,189,11.32500219468479
1293,204,6.984410002822591
1293,228,12.495815961598309
1294,82,12.798145404017738
1294,90,9.915606148562063
1294,114,13.194099052818505
1294,123,15.854605557
1294,143,13.231455146921107
1294,164,15.863437400567795
1294,185,13.92992350830869
1294,201,12.906779177631577
1294,205,13.749182457088516
1294,226,11.060313290617556
1295,57,9.651004707108937
1295,114,16.891483574795934
1295,152,14.653151459260371
1295,163,11.03506178350788
1295,171,14.322613461809492
1295,190,13.571046934234461
1295,229,16.65770224603815
1296,37,9.288524508495863
1296,75,11.349009830445684
1296,112,14.878839148340091
1296,149,14.66279585200979
1296,187,11.874909334723371
1296,224,16.696390473533246
1297,9,11.947719612280508
1297,86,10.827754605629721
1297,107,11.865848608516053
1297,129,15.29166838498674
1297,151,11.17124296363303
1297,173,14.281700866918783
1297,194,13.87590282298998
1297,215,12.608208585523094
1297,229,13.192387478941098
1294,1,0.13843811725273458
1294,72,11.046993629079045
1294,109,16.43687597250693
1294,145,15.897466780794128
1294,181,13.559058390599162
1294,218,15.108630376463783
1295,20,9.413711504624834
1295,100,15.924365614250897
1295,133,13.888440795990482
1295,150,13.774108296402957
1295,183,13.070178986663223
1295,200,16.73206881626892
1296,34,7.34175698666633
1296,50,9.908541303191537
1296,84,11.06605429537634
1296,101,15.734109285444609
1296,117,12.63213248504567
1296,125,11.009862030057555
1296,134,15.509505740890004
1296,151,14.358507568493943
1296,201,14.87108538977351
1296,233,10.694579013098624
1297,10,16.556493354175316
1297,38,13.58589664614698
1297,48,14.563576498663654
1297,71,14.305741217851597
1297,97,16.44981351536828
1297,118,16.216591536031387
1297,137,15.360009187794768
1297,147,15.228055860395958
1297,196,16.145411776816953
1297,211,13.67725514240789
1294,28,8.234794918317197
1294,75,9.987625964712665
1294,81,11.635943210716821
1294,97,16.78489112052123
1294,130,15.844986705236284
1294,146,15.051782054540377
1294,162,14.942358653722103
1294,179,11.529679719431524
1294,195,15.574740156375334
1294,227,13.096249525922868
1295,17,14.740512652526887
1295,55,12.302477005416275
1295,62,12.944258659852617
1295,92,15.242157451965534
1295,139,12.26536669534779
1295,184,15.94242978900449
1295,214,12.32788025995173
1295,221,11.46374830987401
1295,232,11.698474595893959
1295,243,6.842071572218355
1296,3,8.184318967464792
1296,31,7.659469959327369
1296,62,9.922278563306289
1296,93,16.254064757182473
1296,124,14.698553637816554
1296,140,14.533570707256745
1296,155,13.060911056235573
1296,187,14.992185683399665
1296,207,11.235504418335502
1296,218,13.644223106424425
1297,56,7.929850169816436
1297,63,8.088565586040115
1297,105,15.817024216089656
1297,120,9.734452310236248
1297,141,11.611633473183108
1297,158,13.108215284311049
1297,175,14.487787975327084
1297,210,16.193692740231615
1297,233,11.054854573439979
1251,64,14.06040639335188
1251,86,12.573919359823037
1251,129,16.830105458335783
1251,171,14.526906164703197
1251,214,14.876056890496868
1251,224,11.135001821381623
1252,35,8.09603877169604
1252,69,14.43823732342966
1252,139,16.296257992147783
1252,184,15.141602554414499
1252,208,12.986287613746759
1252,230,12.879154692207209
1253,4,-2.726067118589905
1253,36,6.494806766475097
1253,48,9.376185179093785
1253,59,8.869810790405888
1253,72,12.670102944802842
1253,121,12.79611759227376
1253,125,12.612991463786898
1253,145,15.812138865148842
1253,193,14.39593373143379
1253,217,13.437555284781714
1253,226,12.540630983880966
1251,28,5.98875359831359
1251,36,11.137539657571455
1251,54,13.813218213386197
1251,108,17.505714607408123
1251,144,15.218776387082048
1251,162,13.951821729836658
1251,179,13.835743234894728
1251,216,15.831276228826706
1252,26,12.67823242593854
1252,36,12.572073153449834
1252,55,14.133052179187267
1252,73,13.597004971699043
1252,109,17.43517506723364
1252,146,15.22941796169167
1252,155,12.437757949609766
1252,163,14.144425957454384
1252,182,14.39764647187225
1252,199,12.616527559714793
1252,205,12.954316744168393
1252,218,15.984257681123895
1253,120,16.918501905249865
1253,158,15.479550095458967
1253,199,14.268451896552925
1253,238,16.023973849414407
1254,25,8.405122485845368
1254,44,7.2570486048819935
1254,65,12.74061759447453
1254,131,16.450453252419525
1254,164,9.310244121875558
1254,174,11.241461562337564
1254,193,13.185198566316725
1254,217,12.20616664825685
1251,50,12.19612209268596
1251,99,16.298104530532708
1251,132,14.838744586815514
1251,137,12.22607209611651
1251,165,14.409500223900771
1251,199,15.48929687789534
1251,237,9.529539424609787
1252,49,12.485401557904945
1252,63,11.621500857632059
1252,97,16.71075265762988
1252,129,14.950757116917043
1252,145,14.204482389392716
1252,162,14.827716426358059
1252,194,16.375907434528052
1252,227,13.310425701923439
1253,51,12.34084656757447
1253,103,15.525828260469519
1253,119,13.744364791964328
1253,137,16.46312384756019
1253,154,15.431821902755228
1253,161,13.842014316826205
1253,171,14.900324721069435
1253,205,16.28924462719706
1254,33,10.993443754957855
1254,87,11.399808655249334
1254,116,15.833366801229811
1254,141,12.071719868631481
1254,154,12.544080071372512
1254,194,13.439596643246382
1254,230,15.261280672597605
1252,31,9.171599584504733
1252,60,9.226724057872358
1252,70,9.744053795132396
1252,92,14.02727878057535
1252,139,12.484141741136716
1252,154,12.494912709747819
1252,185,16.87625142148508
1253,7,10.400116201511276
1253,47,10.663444886494043
1253,63,10.88232423653459
1253,95,16.908331068061784
1253,127,15.640478965604835
1253,142,14.997941383455775
1253,190,16.983778405868645
1253,222,14.264414315509274
1253,225,11.97397583078002
1254,52,10.971212743667207
1254,70,11.970616006075328
1254,105,16.307342945786484
1254,140,15.843962820835586
1254,157,13.84908461724103
1254,210,15.728809537236545
1253,16,8.289877492753243
1253,31,9.443247070112243
1253,61,6.009961132195194
1253,92,16.548113956898675
1253,122,14.121084386881169
1253,138,14.293744397222598
1253,153,14.205892820062418
1253,184,16.26399741605679
1253,215,14.273473523440137
1253,240,7.9559967815953705
1254,13,10.95467015945805
1254,66,11.93847759704775
1254,98,15.619948682111161
1254,132,14.867124424113332
1254,148,14.128393432925739
1254,174,10.37019479827741
1254,183,10.297441822869395
1254,197,16.067726164407816
CCB,7,9.420566431299262
CCB,21,15.525162073603603
CCB,17,12.280114474962126
I23K,10,nan
F4TN,4,5.354335111007993
F3TN,57,8.447795901855212
F5MN,2,9.610126870696494
F5MN,40,10.194679906742996
F5MN,8,7.417380307548262
F5MN,23,6.978563045925142
F6TP,19,9.385525828070993
F6TP,30,8.962067198528555
F6TP,41,8.89357664669846
F7TV,24,9.413500056592095
F7TV,39,12.034753158995512
F1TN,27,13.468078092852153
F1TN,41,12.864363888660918
FNN2,31,9.145271775048483
FNN2,18,9.563804481740135
FNN2,35,10.859554740760796
FNN2,35,12.308383265945874
CCB,15,8.36048130641791
CCB,15,6.810585270246356
1300,13,10.69152307804142
1300,61,10.758051912894622
1300,70,13.447040264902581
1300,93,12.49851163659965
1300,116,11.521349824481959
1300,139,16.722856566623307
1300,186,15.355111226822931
1300,208,15.170157017693453
1300,231,14.386151579372221
1301,26,8.414127348194429
1301,73,9.38099688120487
1301,97,11.11044920003945
1301,113,11.31175223642289
1301,147,15.46633198094105
1301,170,12.470615970333064
1301,196,13.45693788511571
1301,219,14.113324557673511
1302,22,5.955550718680183
1302,49,9.894384685530676
1302,73,13.454939261575266
1302,97,12.127642515816
1302,136,10.035455290324151
1302,146,15.172813950282771
1302,170,12.823256092285902
1302,185,12.90845302586809
1302,194,14.9462526160086
1302,217,14.276008632712747
1302,223,12.528540147384506
1300,58,14.587028303494886
1300,77,14.406393442940683
1300,115,16.592863117265612
1300,154,15.131134935093971
1300,174,13.470438147216582
1300,192,15.154174332263823
1300,231,15.930820257367042
1301,2,9.856356539392205
1301,42,10.480268700789185
1301,83,11.693523020092405
1301,91,11.02546136954154
1301,125,16.601865129615287
1301,167,15.476959404102919
1301,187,15.668857645261745
1301,199,13.479895687756986
1301,208,15.24868792216986
1302,2,4.333944269547354
1302,62,13.091839589434674
1302,83,11.628153295913979
1302,101,6.673615460925784
1302,124,14.630359179999605
1302,152,11.678033386035995
1302,166,15.577727342924618
1302,186,15.190783164247634
1302,207,15.375259820720299
1302,222,13.96160872547365
1303,34,14.552074391294177
1303,80,13.689561975912385
1303,121,17.44965984538748
1303,161,16.24514505833936
1303,181,14.488037267275073
1300,9,11.770007830862257
1300,20,11.03639148001777
1300,29,10.392367741158964
1300,67,13.796837593162978
1300,100,16.009261479513807
1300,135,14.949831193621426
1300,152,14.623319836000206
1300,168,15.131722048116853
1300,202,15.461240560012964
1301,18,nan
1301,35,10.282048163368236
1301,52,11.36865345700286
1301,104,16.401564750115124
1301,139,15.280800847412078
1301,156,14.823301786908214
1301,173,14.498122276413763
1301,191,13.465659740804961
1301,209,16.684628115537222
1302,35,11.505076905571288
1302,53,13.203529904109846
1302,70,12.46618139416006
1302,105,15.922655917043112
1302,122,12.943935363091013
1302,139,14.901742516171376
1302,157,14.702015323615413
1302,192,13.49110805486668
1302,210,16.814855284855508
1303,35,11.485566800092782
1303,49,11.618410737141252
1303,53,12.025411089198084
1303,105,16.49048368973225
1303,140,15.155158073081017
1303,157,14.975268791263524
1303,175,15.286198380136984
1303,211,16.405158496370642
1303,224,11.748489734412129
FTGH,13,11.201246546382084
FTGH,13,11.700482759901611
FTGH,14,9.87115015039483
FNN2,4,7.89619198707992
FNN2,33,11.295703004843602
FNN2,34,10.215797798961603
FPAP,22,12.011276419584526
FPAP,35,9.847313645067782
FNN1,18,13.982753634889164
FNN1,24,10.29457748940203
FNN1,42,13.645564297297163
FNN1,26,9.719705394741643
FTGH,14,11.773592596391222
FPAP,21,8.230013953982166
FPAP,34,12.360429307730191
FPAP,29,11.08758072788869
FPAP,15,11.473369742740013
FPAP,22,11.560317105884428
FPAP,33,11.627650253501674
FNN1,23,12.303768017812791
FNN1,37,14.165266244268903
FPAP,29,10.514729259604106
FPAP,37,6.939054573362053
FPAP,40,6.69713604028308
FPAP,29,11.258743397467638
FPAP,44,10.70093186563452
FPAP,36,9.824204883651882
FPAP,17,12.246112651356302
FPAP,22,10.505216989580497
FPAP,33,11.00655986608946
FPAP,41,12.215939506212269
FNN1,42,12.5437234541749
FNN1,38,13.614025017751363
FNN1,32,12.211962468432986
FNN1,31,12.265099870642482
F3TN,21,10.181119824385794
FNN1,41,2.46158262861023
FNN1,19,11.514126963922822
FNN1,41,11.722229088721017
FNN1,15,9.835223483838224
FNN1,10,11.447542230410065
FNN1,15,12.150907343533357
FNN1,17,11.852336853654606
FNN1,34,12.706131767644864
FNN1,32,9.862681565290584
F7TV,33,12.57034558397374
1302,77,9.900346160272438
1302,96,12.718051724192655
1302,144,16.61408674852968
1302,168,15.679144188206138
1302,191,15.672298903450702
1302,216,15.362688693925698
1301,4,6.158546482102225
1301,110,12.303863453399106
1301,134,15.905439965564208
1301,179,14.6619414879265
1301,201,14.120907413101765
1301,224,14.183402433495429
1302,50,9.291169333999136
1302,96,10.232305058890718
1302,136,14.209815929270096
1302,159,14.60117909372784
1302,182,15.547078705562045
1303,8,12.17682723109889
1303,14,12.541719762816584
1303,42,11.180953769797426
1303,50,10.160812760112947
1303,103,13.21172538932762
1303,112,12.902670343173028
1303,134,15.570788655712864
1303,156,11.403326969493715
1303,179,15.18795138826383
1303,202,13.623969312273374
1303,224,14.46175214785675
1303,240,8.91956973603289
FAPT,37,5.763652423010916
1301,20,6.935486631605573
1301,31,8.232679580303039
1301,43,8.45358600511469
1301,64,12.29514889698704
1301,85,12.70193399092739
1301,113,11.964881140056114
1301,128,15.7002604076047
1301,171,15.399880542969871
1301,181,12.737994068154642
1301,192,15.475392316433517
1301,214,15.090717810989975
1302,2,6.707365541471364
1302,42,11.993567135737656
1302,80,11.830389788719406
1302,97,6.502933519291567
1302,114,10.043593088619717
1302,127,14.09907912817154
1302,161,13.489164792549877
1302,170,16.096599334993627
1302,191,15.088863218704773
1302,200,13.765253860023243
1302,213,15.828209247821386
1303,12,14.735769204099354
1303,64,11.609494634877542
1303,84,13.868643517429152
1303,112,13.652623344533586
1303,127,16.331749357718873
1303,137,13.48778270225148
1303,170,14.1450639430088
1303,191,15.163685829533337
1303,212,15.402928873391037
1303,231,11.522742536461127
1304,71,8.948613491940044
1304,116,16.30537102838467
1304,155,14.639394225758068
1304,173,14.152510118136057
1304,194,12.885847685333855
1304,233,14.265447820305269
1300,63,12.03576904460585
1300,84,10.341506186080103
1300,126,14.596656102323145
1300,168,13.390989480905775
1300,189,13.497743161621026
1300,210,13.483703154951455
1301,62,10.697779949581232
1301,79,13.366263533831496
1301,118,15.229715651977882
1301,138,13.420473882460687
1301,159,14.94707585747217
1301,198,15.097923586227706
1301,238,13.856684785142475
1302,77,12.872222349576148
1302,115,15.620901573610187
1302,135,11.973358772975153
1302,154,15.72091808948445
1302,173,15.807636502092773
1302,192,16.519186624172768
1302,231,17.161386113999132
1303,8,13.703224425413339
1303,26,12.858746905620485
1303,39,13.187196498222333
1303,78,14.885230918569858
1303,117,17.228575209967335
1303,157,13.802945924448075
1303,176,15.261952325377724
1303,196,15.345221191229916
1303,229,13.694289231767174
1303,248,6.850845252017647
1300,59,12.273679782959874
1300,79,11.647589008926051
1300,99,11.154535742947974
1300,118,15.764536227923102
1300,139,12.95207241454772
1300,158,14.189101084178395
1300,178,14.705068093079808
1300,198,13.663468249869124
1300,209,12.019942361226406
1300,237,14.342582399345748
1301,2,7.97249993326575
1301,36,11.162535729498577
1301,108,16.4407372176956
1301,132,9.373451955452413
1301,144,14.610235291751925
1301,162,15.82983505353562
1301,181,14.761323342000022
1301,217,17.01595679300435
1302,42,9.299281472937826
1302,103,16.54246287491435
1302,120,9.023593756324184
1302,137,15.219255949436638
1302,154,16.074967552815657
1302,171,15.508022606011485
1302,206,17.394077581400094
1303,14,10.708404941319614
1303,53,12.022824276989553
1303,106,17.382875838574993
1303,140,14.686537918405262
1303,158,15.191167354113183
1303,176,14.970178433869082
1303,192,11.392118982439454
1303,211,16.622802105175687
1300,38,7.895669406446384
1300,66,10.083718605084007
1300,75,11.766427960036074
1300,93,10.027039120967858
1300,102,12.342013720443827
1300,112,16.703319647872203
1300,149,15.065522805557787
1300,168,14.675680486145474
1300,187,15.014774010207681
1300,226,16.174333112697354
1301,46,9.084436065708694
1301,84,10.794824434909989
1301,101,16.465010846816718
1301,135,14.528859860940573
1301,152,15.571541031005001
1301,169,15.480248864915996
1301,202,16.383809670286592
1301,234,10.437113859132436
1302,96,15.899138070223696
1302,128,10.028689083205391
1302,144,14.164132237131577
1302,160,15.288553680741908
1302,192,17.040243622758304
1302,224,14.796946770147002
1303,33,13.069397749720684
1303,49,11.798564629610148
1303,77,13.338103547339859
1303,99,16.874400219640975
1303,116,14.782564540143406
1303,132,13.73205613899163
1303,149,14.489846170588638
1303,153,10.453432578987226
1303,165,13.73285209400306
1303,199,15.188319274098056
1303,206,13.080438620805648
1301,30,8.759127402938212
1301,58,7.174886046701429
1301,97,16.00308748063285
1301,129,13.003487808922596
1301,146,14.800318454485522
1301,162,15.419454735886372
1301,194,14.893014472780967
1301,204,11.734577745010036
1301,226,14.178575099589255
1302,6,12.997045625181261
1302,93,15.51481771093285
1302,156,14.136397721910317
1302,188,15.541192415173239
1302,218,15.042037404588193
1303,8,11.405642699350889
1303,48,13.716567309477416
1303,95,16.10387294775182
1303,127,15.259893933704598
1303,159,15.554296029458179
1303,192,15.561619564986582
1303,223,13.69255369694998
1303,232,nan
1244,33,7.9553928011315165
1244,46,4.562174234432184
1244,125,5.5623533024539995
1244,151,11.69160622391968
1244,202,11.812474661394887
1244,222,5.619013106279748
1245,31,12.96268761631513
1245,83,9.45355099056343
1245,143,13.879823196299874
1245,191,11.381010187890727
1245,215,10.63028731624414
1242,15,6.557439924423344
1242,73,11.698446899024315
1242,144,16.380603677299046
1242,170,12.775532093854027
1242,194,14.599248979262091
1242,218,12.82549666392504
1243,27,6.191557570697381
1243,47,6.849923284770782
1243,59,8.560082063268398
1243,72,10.454444393884243
1243,145,14.83108675173241
1243,193,10.518004251411014
1244,38,7.726875700499802
1244,59,9.105052024251556
1244,78,8.62539571624321
1244,139,12.756315883598164
1244,185,10.33847576795971
1245,16,13.04571896763604
1245,25,13.093476472049892
1245,42,14.04714142176081
1245,129,15.963820462135017
1245,162,10.893348933956336
1245,171,12.871467309178243
1245,214,12.984632138227914
1245,223,10.121278565705158
1242,55,12.079379729327602
1242,85,12.19789830483428
1242,128,16.193501849794217
1242,141,11.81307981529477
1242,155,11.219901028962301
1242,171,13.866428766297929
1242,215,12.498746832190427
1243,35,3.039430115796552
1243,63,8.375731573772047
1243,85,8.58993750250889
1243,125,15.966836175906165
1243,167,14.201985203540099
1243,188,11.901100039466385
1243,209,13.023737562988721
1243,231,9.4532681637972
1244,15,11.029726861278375
1244,119,16.163315515865406
1244,159,12.333898309176439
1244,238,14.913533220122064
1245,16,12.597555960758937
1245,20,13.936907282149303
1245,53,15.172661886295032
1245,59,14.582480811794781
1245,112,16.086998101638905
1245,150,13.69361735917236
1245,227,14.330111244314349
1242,21,10.079167557873346
1242,81,11.345671634447116
1242,117,16.37002722233286
1242,155,12.057361146284757
1242,175,12.425619937369197
1242,194,13.254101936118998
1242,232,14.83296969870835
1243,31,6.5745257283158685
1243,36,8.236846261877838
1243,76,9.795018145833751
1243,93,8.978435771218072
1243,112,14.277403278382222
1243,150,12.658828755660583
1243,187,12.65296848656115
1243,224,14.405630094099243
1244,26,9.800022143293008
1244,89,10.81971831867997
1244,105,9.866191283975006
1244,109,13.868642391095399
1244,145,11.9525005482671
1244,180,11.177980430869251
1244,217,13.271235015434366
1295,14,14.403521251435302
1295,56,5.967075991919262
1295,74,9.509968267254429
1295,147,13.031000010811775
1295,196,12.650827844368397
1295,222,9.710990659878888
1296,19,13.99321850381545
1296,69,10.59986662025012
1296,75,12.769297970920778
1296,80,11.612389955529896
1296,112,10.613149393663232
1296,150,14.976190097062606
1296,200,16.08957068659646
1296,224,14.29024711220277
1294,70,8.758245181451086
1294,135,15.417484975438171
1294,157,8.140831660231553
1294,180,11.736152265138351
1294,203,13.709701302323625
1294,225,11.734807372928046
1295,68,10.69292487879071
1295,136,13.405944807220369
1295,181,12.791878194031792
1295,205,12.301641184960111
1295,227,12.423677077390016
1296,11,10.226026993078667
1296,46,11.62512457029856
1296,69,14.429655240699004
1296,97,12.736603483539595
1296,138,16.909813458539883
1296,164,14.344615649011992
1296,184,16.60051820582924
1296,207,15.35953079060355
1297,85,8.169998751694262
1297,129,9.33957391340753
1297,144,14.750217384507406
1297,192,11.276096405798434
1297,217,11.638252896087252
1294,71,8.101760276564086
1294,123,14.57575182588564
1294,131,11.840806570228837
1294,164,13.52103719697471
1294,185,13.250548304730092
1294,205,12.843085807637271
1294,228,8.232795398794984
1295,14,13.136971229505154
1295,23,8.668501565365215
1295,59,12.789246179796523
1295,86,7.019903531672867
1295,99,7.190686198949629
1295,119,14.195343853803628
1295,158,14.868469790675363
1295,178,12.76860627996545
1295,198,14.123562237285531
1295,217,11.558757174040789
1295,237,14.91476899508649
1296,8,9.71269814786462
1296,11,4.407031845785777
1296,24,9.088977178198038
1296,37,11.472885740844593
1296,46,11.029951928080159
1296,75,13.523019078799184
1296,112,17.693015202970376
1296,148,15.955957368753808
1296,168,14.586200776355142
1296,186,15.669202339624766
1296,191,14.746630400992032
1296,224,16.568169897831297
1297,137,16.866937059961295
1297,159,13.912088942048007
1297,182,15.235141020114165
1297,227,14.56835200000101
1298,18,16.899257578611184
1298,37,16.376659091016215
1298,72,15.725359227191987
1298,95,15.077574726336403
1298,97,14.97057054974444
1298,146,15.108101962934555
1298,186,15.448527097744812
1298,214,15.562896657277943
1298,231,15.818468031264441
1294,5,-0.4044879567575739
1294,36,8.899695705639484
1294,47,6.8260735714794905
1294,56,8.32114047084929
1294,77,7.802400379720559
1294,115,15.932578905558854
1294,153,13.565590218960955
1294,172,13.232798136265568
1294,191,12.675872084655463
1294,230,14.914887678754292
1295,9,12.28403159024152
1295,44,4.204648631342339
1295,52,6.041641577147345
1295,96,10.7881169056912
1295,105,15.084499110695404
1295,139,14.117465187635002
1295,156,12.165162979361718
1295,174,13.703165945238776
1295,209,15.963138524991807
1295,227,12.851151037777274
1296,12,12.04553695421286
1296,20,11.928776897136204
1296,32,10.718915808024015
1296,64,12.807488649740659
1296,96,16.78684261545786
1296,112,13.77264945781134
1296,128,15.879404797179058
1296,144,15.286631184121994
1296,160,13.74222018027486
1296,192,16.802243637103928
1296,224,15.398226444108577
1297,79,12.595969120068824
1297,121,17.316321775990417
1297,159,15.55626400992839
1297,199,14.846087291978629
1297,238,14.533847857849322
1298,8,14.574573236878763
1298,30,13.72000330615351
1298,135,14.59817800006698
1298,182,11.70844795907941
1298,208,11.806773623498245
1295,8,7.874556605960354
1295,29,4.13228521605849
1295,71,1.8254338896321554
1295,95,15.100630680978275
1295,112,5.068469253925516
1295,127,12.211238205773897
1295,159,12.769304085833305
1295,190,14.712821048917878
1295,205,9.105371560741712
1295,224,12.208473374577615
1296,21,15.273573129193592
1296,69,14.411234440087497
1296,90,15.900799800756937
1296,120,15.246951118523418
1296,135,13.68188407425102
1296,150,14.139335069671926
1296,181,16.318592988331947
1296,195,14.242900260647032
1296,211,14.777005440438401
1296,226,14.976757538966314
1297,33,9.919482683514769
1297,78,11.250653612138047
1297,102,16.60580883979993
1297,136,15.592823932921405
1297,153,14.517123168766924
1297,170,14.220208420228479
1297,205,15.856316163947303
1298,8,14.284197366611966
1298,121,13.986683264166082
1298,204,11.51103492275469
1298,227,9.897773979567724
1295,17,13.594439778103787
1295,91,13.98394153428794
1295,139,6.646527880879488
1295,182,14.763706218251711
1295,212,12.52913038242037
1295,227,11.45674094332808
1296,13,13.375902288458922
1296,88,14.740489332182332
1296,117,14.341686100068792
1296,132,13.682913116662935
1296,176,15.798195485535004
1296,206,14.239336945820646
1297,34,10.412541075514557
1297,56,8.595357017460417
1297,79,9.478874761238718
1297,95,14.592783933008683
1297,126,14.793191260336226
1297,142,14.210521390802068
1297,157,13.129915814433918
1297,189,14.71375557435299
1297,208,11.420623401089983
1297,221,11.54626865634251
1298,16,11.438241319431228
1298,110,15.199856327986328
1298,147,12.451321441615683
1298,161,10.150951102115066
1298,166,12.500018355067395
1298,221,14.427337029750142
1298,242,9.073507410247373
1297,77,11.510129926431748
1297,91,15.039765029115308
1297,121,11.84656057768298
1297,151,12.478787235825237
1297,181,15.374249233962338
1297,209,11.703983483657002
1298,100,15.512412250020484
1298,133,11.651281440568447
1298,167,12.45446079417688
1298,201,13.461824951414048
1298,207,10.893473535096888
1305,47,7.696564221133374
1305,68,10.442289159053232
1305,82,9.382422050326907
1305,90,11.173485779904127
1305,135,14.557504975266344
1305,181,14.0143129508979
1305,203,13.786335345853292
1305,226,14.225759770315507
1306,17,11.030939283984605
1306,24,10.493806904174669
1306,44,11.470595490554626
1306,52,9.722456006429761
1306,72,11.429447426277676
1306,81,12.233851640110933
1306,141,14.031031972091501
1306,188,14.861745549133987
1306,211,14.241616044729478
1304,9,8.996299592113727
1304,40,9.978686906087626
1304,44,8.984363677672423
1304,83,11.38467926023553
1304,125,14.853978294854802
1304,167,14.958700014894506
1304,187,12.818243606467917
1304,208,14.393000717346553
1305,67,9.619145836476438
1305,117,15.310336240911063
1305,130,7.863741670629882
1305,144,11.441538665501856
1305,156,14.857238400181597
1305,173,12.4201230413748
1305,176,13.409729327519928
1305,196,14.072513778512858
1305,233,15.776216341048615
1306,24,9.157324215853059
1306,67,11.180268556824187
1306,78,13.088922881057929
1306,117,15.59995678812996
1306,157,13.88725095571662
1306,179,10.36410916770201
1306,198,12.100885174869093
1306,234,15.882493781325799
FAPT,24,10.038020668172653
1304,25,9.9950771368536
1304,75,11.331956139544005
1304,112,16.815684143747603
1304,142,11.564767498992943
1304,168,14.713943620053577
1304,186,12.633030801767642
1304,224,15.692843527783262
1305,49,4.895932726732828
1305,66,9.390940998478914
1305,100,16.001195582522737
1305,134,12.108416242563981
1305,150,13.715110196687565
1305,167,14.383982758250095
1305,200,15.010138739284887
1305,217,12.341150133087481
1306,11,9.187690899339142
1306,30,5.90028565856114
1306,68,10.443155548559798
1306,97,14.531780791612828
1306,129,12.74948822697117
1306,145,13.165888008494806
1306,161,14.188400887392692
1306,194,16.121520089855462
1306,226,13.708674206790224
FAPT,22,10.35426420302423
1304,17,10.72268246289485
1304,69,6.81340623562991
1304,80,12.265394964447498
1304,104,16.399904827759467
1304,140,14.074684215384039
1304,157,12.62354211944557
1304,174,13.108826666053746
1304,195,10.605251510572476
1304,209,15.657380219857316
1304,228,12.026465312267414
1305,28,12.986370001941205
1305,95,14.592666819354378
1305,111,10.387963781383451
1305,127,11.84132908544549
1305,143,12.907707302077922
1305,158,13.495876679566681
1305,190,14.703752846189504
1305,222,13.6700599652963
1305,227,10.833590904595985
1306,12,1.2758010201376084
1306,22,9.101196223928152
1306,59,11.73321187908413
1306,92,14.004086911635902
1306,123,13.760166371566509
1306,138,13.775302854587588
1306,152,10.446266621956607
1306,184,15.388386168464125
1306,215,13.402022280336956
CCB,12,9.843420358986855
CCB,4,5.940224805065397
CCB,18,9.488366529388266
CCB,12,9.979582492509424
F8KN,28,10.128003987797003
FNN2,25,9.819006958282825
FNN2,25,9.719688319129226
FNN2,31,9.600582920119367
F1TN,18,7.132497286441075
F7TV,3,7.727933072611294
CCB,17,9.816794906038362
F8KN,31,10.276187066986926
F8KN,35,14.052892080808538
F8KN,22,8.454451873712596
F8KN,25,7.644265767152105
F8KN,39,13.846517153189808
CCB,19,7.906255639983351
CCB,17,6.9296421057800455
F5MN,35,15.398751681655316
