1007,16,11.802682617965573
1007,21,8.044366812277064
1007,32,12.599795766262382
1007,48,13.95403898730975
1007,64,13.861682162670805
1007,79,13.784268478875134
1007,95,13.812189824817311
1007,111,12.654548349177926
1007,127,13.257244760615144
1007,143,12.487825816482571
1007,160,12.919504792353806
1007,189,13.163700036870141
1007,207,12.08995260463235
1007,224,9.972299325038978
1006,32,10.959442057095856
1006,65,12.019144374044942
1006,81,13.007283779894642
1006,178,7.724859957281644
1006,196,8.30430235904869
1006,200,10.169148475002958
1007,15,14.3728038980591
1007,30,14.266359152273846
1007,46,14.999676748025374
1007,61,15.225831660275787
1007,70,8.544507443848335
1007,76,14.598633941085108
1007,91,13.938781343980901
1007,107,13.836866167928761
1007,122,13.561822478946695
1007,137,13.723167679001653
1007,153,15.138113248159598
1007,167,12.548150591862598
1007,181,13.321122862887329
1007,230,13.54496994939917
1008,14,11.920235218635014
1008,42,11.773177257065432
1008,56,10.764591393883878
1008,78,9.814389959569093
1008,141,12.16815999444579
1008,185,10.009500594208099
1004,49,13.36779978608103
1004,82,12.655854271679083
1004,98,13.813502837283536
1004,114,12.769175029477633
1004,131,14.244266537840502
1004,163,14.03136213689831
1004,180,12.724823571329164
1004,196,14.341245187539451
1004,212,13.923421313036828
1004,229,13.074285286861006
1005,32,13.918255240690522
1005,48,14.784500944300742
1005,64,14.587528580079788
1005,74,8.060769757494697
1005,80,14.230320108460713
1005,95,14.513757725188954
1005,111,12.96565857910829
1005,127,11.685773923407282
1005,143,11.296160688813329
1005,160,10.740490894445909
1005,189,11.980482351156915
1005,221,9.118610548670262
1005,231,6.673363263816713
1006,13,11.709658253395066
1006,26,12.145746573145482
1006,132,12.970457838266416
1006,168,11.212067092644688
1006,219,12.410773040171756
1006,234,11.989058617479815
1007,13,12.019947130262453
1007,25,11.168465665887823
1007,62,11.185351118841368
1007,73,13.31489011728487
1007,86,10.506463831199877
1007,124,14.455128037770972
1007,165,8.267269719519954
1007,186,11.613225876030205
1004,16,11.774894215931749
1004,32,12.714725894687522
1004,49,12.906423741963046
1004,65,10.979332259771876
1004,81,13.529895301159371
1004,97,13.294321376380267
1004,113,12.889847946139948
1004,130,14.717873932657897
1004,136,12.05734914026985
1004,146,14.395024292129984
1004,162,14.781697351732216
1004,178,14.149159002142603
1004,194,13.638884348718276
1004,211,13.579370986397375
1004,227,13.58211965864591
1005,9,8.839709668995432
1005,30,14.46246939020538
1005,46,14.854562622760836
1005,61,14.648185889678675
1005,76,13.451395069845095
1005,90,13.844752107824895
1005,106,10.149196653611332
1005,121,10.511095256775285
1005,152,11.258572082182566
1005,181,8.283763577492472
1005,188,-0.619801564776531
1005,198,8.322122156092295
1006,12,10.073455150977665
1006,25,11.804965238481328
1006,73,12.747601339469233
1006,124,13.83867657125591
1006,145,9.812107017375812
1006,171,8.85126347967822
1006,175,4.92345859645297
1006,185,8.674759636537283
1006,220,10.264435804031674
1007,60,12.996822249460392
1007,71,12.93662361913649
1007,121,14.861193608949995
1007,143,11.089772426226773
1007,182,12.697614651016165
1007,202,6.73203129709274
1007,205,6.102270692953504
1007,215,9.888682820507235
1007,230,4.33401081664978
1007,239,7.393753091575313
1003,16,10.862433808296377
1003,32,9.765669529987392
1003,64,11.815417382936943
1003,80,11.502078832309877
1003,96,13.006828431488424
1003,112,12.805035610116363
1003,160,10.558712698040464
1003,238,8.764737769445421
1004,16,13.184113276794156
1004,32,13.323048986420936
1004,48,14.486076131052965
1004,64,14.751125250058937
1004,80,15.515941904976284
1004,95,15.376067917367276
1004,108,13.28400628950131
1004,112,15.72356497843619
1004,128,16.239652483334073
1004,144,15.68854249952296
1004,160,16.082903747773145
1004,176,15.839930431014444
1004,191,16.11459318724584
1004,195,13.163204548242717
1004,208,15.470774403616014
1004,224,15.106035453471137
1005,51,13.302434825948314
1005,64,12.547202026416834
1005,128,13.962948797943026
1005,152,12.672040603110199
1005,192,11.904878944431074
1005,227,12.39550255713466
1005,234,11.012238300235262
1006,16,10.753739422572181
1006,47,9.688373898476506
1006,61,10.579548198629515
1006,70,10.750375328629291
1006,119,11.97116606944563
1003,16,12.65256071634462
1003,57,8.971198941414194
1003,79,12.611501991546586
1003,94,13.6294323063299
1003,110,12.465975425460282
1003,126,10.91419406595783
1003,159,11.836477745273173
1003,174,10.38484368257177
1003,188,13.984103938034124
1003,205,10.602228325302017
1003,221,10.646959531683356
1004,15,13.812609926043965
1004,30,14.527272884541752
1004,45,14.983016585543844
1004,60,14.671360281015291
1004,67,13.082011686563435
1004,89,15.649558058424644
1004,120,14.51477670481655
1004,151,16.1878347253614
1004,179,16.66119798536225
1004,217,14.450676800631882
1004,227,15.736460198894335
1005,60,11.86897618636542
1005,71,11.939827487178396
1005,78,10.706920022699745
1005,119,13.03858340108448
1005,179,11.675761434544242
1005,219,10.98705223064368
1005,226,11.273420246173913
1005,238,11.588251739929218
1006,74,8.317626442130994
1006,82,9.334765512176803
1006,105,7.295584094406196
1006,125,8.70371678183304
1006,163,9.160612779473338
1006,224,9.286844591516376
1003,15,13.861207197954403
1003,31,10.708607719920877
1003,46,10.498407664831833
1003,61,6.417931877425021
1003,91,13.86244813670464
1003,107,9.646386502803528
1003,154,13.56456780160013
1003,168,9.13312420736299
1003,182,13.165205530196747
1003,198,6.509961396095864
1003,213,6.870364383897157
1003,221,5.993253332848509
1003,227,8.651804734459244
1003,231,10.776623368826336
1004,27,14.078554559134782
1004,53,14.849373284932632
1004,67,14.343477566104582
1004,79,15.44598498761318
1004,92,13.988463899072997
1004,107,13.111599579160194
1004,133,16.76913581167826
1004,157,14.871989773118905
1004,186,12.475310525390597
1004,200,15.102469404901566
1004,221,15.434189956673748
1005,47,10.469441462520798
1005,58,10.530575726845193
1005,64,9.107347206947459
1005,69,9.602978529077891
1005,87,10.799535189820805
1005,117,12.10651676333661
1005,157,9.745234675775777
1005,175,10.434720568601968
1005,208,11.73353992335447
1005,235,12.163405518889267
1006,11,14.997593988646411
1006,68,11.757038550231707
1006,81,12.03894011303718
1006,134,10.39922503367164
1006,161,10.711330246770478
1006,197,5.609080272668568
1002,31,7.564209255519084
1002,123,9.301040647583015
1002,155,11.011612287351136
1002,169,7.873956360065476
1002,184,11.349764282372066
1002,201,8.35534178286117
1002,233,9.850376172188017
1003,6,2.670465766766395
1003,15,13.439574910859392
1003,29,12.74125236980203
1003,44,11.20255403186588
1003,58,11.421272610929565
1003,72,10.741896895131653
1003,87,12.792722906757817
1003,146,12.794111134174827
1003,173,10.707421778283521
1003,202,5.995799412134586
1003,220,12.416611715669234
1004,4,12.13746336458642
1004,28,13.954823114683041
1004,48,12.18712045177355
1004,61,15.10009143178699
1004,73,14.183420306642633
1004,89,13.25702553163978
1004,122,16.416264602900906
1004,144,15.729006421208645
1004,183,15.236065098828693
1004,203,15.123517063405744
1004,223,14.533794173385688
1005,1,12.314104718879246
1005,72,11.621070066978433
1005,116,11.308312369687192
1005,164,9.979403917024598
1005,231,11.60175556659217
1002,114,8.08221365119444
1002,151,11.850733469472576
1002,163,7.91758612955484
1002,178,12.136879444283057
1003,13,13.732909869949824
1003,27,14.339700899305504
1003,41,11.559566824198297
1003,54,9.669628696510612
1003,60,4.1956755956697425
1003,68,12.315023621014857
1003,81,13.023061169382782
1003,95,9.003019679092766
1003,136,13.92726973661053
1003,161,13.747394964088613
1003,204,10.983562170832176
1003,227,12.254561821993388
1003,249,8.67139421199999
1004,35,12.448373374361452
1004,38,12.084418447344047
1004,59,13.242872506321541
1004,70,13.975559035507617
1004,105,12.61241354169669
1004,118,14.86626154915916
1004,137,12.040262939161666
1004,139,12.586407876247932
1004,176,15.484868592978751
1004,196,14.652166364448881
1004,209,14.929637451273123
1004,235,14.365360551354945
1005,22,10.744927813849356
1005,32,9.136298257957012
1005,75,11.026745073506065
1005,116,11.056805647588856
1005,201,10.155419515850328
1005,236,10.477992416081225
1002,14,11.015425206025654
1002,29,10.725144647703255
1002,38,10.999188603077673
1002,83,11.021942123390364
1002,105,10.45240491851725
1002,166,10.1659651837351
1002,187,9.602075808889719
1002,194,7.77814122303489
1002,213,8.8904814858498
1002,226,10.08028684459397
1003,12,12.518632137084552
1003,24,11.824151577729037
1003,37,12.61347474779275
1003,62,11.138491427084094
1003,111,8.293942588526956
1003,124,11.482781476007029
1003,162,7.803053322576179
1003,185,9.889813997098768
1003,206,11.985913164812105
1003,219,13.57678750423978
1004,5,7.4571532776426235
1004,69,10.625787251872083
1004,116,14.253543322157775
1004,137,11.448709560582797
1004,155,11.69022323838298
1004,174,14.492840509710451
1004,193,13.756796505129463
1004,206,14.197640777614236
1004,232,14.176860902542145
1001,28,11.79744462599003
1001,56,9.615293714735301
1001,71,7.69437645900425
1001,99,4.794857503107007
1001,123,10.0639264435566
1001,142,13.251531558488299
1001,168,12.750440686724701
1002,70,8.232460895759893
1002,128,11.745017397020042
1002,167,9.760819407429196
1002,202,9.85488036414984
1002,204,8.895710372309702
1003,12,11.551507341302079
1003,23,9.135787144672836
1003,35,7.559826277569128
1003,59,7.288976953382999
1003,88,nan
1003,118,11.5136686906841
1003,140,8.476161705543525
1003,158,5.471860880354328
1003,178,9.815247060846849
1003,210,12.8242550746665
1001,14,11.309982018192759
1001,54,10.189427949125138
1001,68,9.5975428391519
1001,123,10.218245643777928
1001,137,12.5100721054517
1001,148,10.147010964762355
1001,205,9.866361503428303
1001,218,8.383536374078915
1001,238,5.087976612505852
1002,29,10.290640439303536
1002,62,10.547768228992503
1002,118,10.221752409910392
1002,152,10.910912925283903
1002,247,8.136559417383936
1003,35,9.691923395382773
1003,59,8.363428792735352
1003,84,9.643072080634864
1003,117,12.157087074524469
1003,137,8.686231028003835
1003,176,10.072690957477855
1001,13,7.434083163541283
1001,65,8.36099450443474
1001,77,9.365708784593764
1001,87,8.48781311693755
1001,130,12.705926338559319
1001,217,12.338436898649112
1001,231,11.658156867036995
1002,40,7.1278486060984285
1002,84,7.781345668879247
1002,109,7.573324751633552
1002,115,9.231714296814545
1002,167,8.385895960569801
1002,176,8.764130913894457
1002,192,6.725678720945766
1002,229,7.310431477316239
1002,245,7.8960177617088245
CCB,13,13.257148342770746
CCB,13,11.459479402905837
1019,14,14.165635016288576
1019,21,13.869184537852512
1019,42,13.152543392483206
1019,55,15.084681940007288
1019,90,14.053548406097054
1019,109,12.697084058913248
1019,143,15.07430462646228
1019,195,12.887215027820053
1019,212,12.488463336602058
1019,232,11.835084104565205
1020,15,12.542521058238494
1020,30,15.16781209107269
1020,45,15.234929821626226
1020,60,11.579108953120407
1020,75,14.300954930083181
1020,90,14.348598181896882
1020,105,14.6514360757763
1020,120,14.129674709710985
1020,135,13.843012916641895
1020,151,13.971377032199578
1020,165,11.312472195887427
1020,178,14.370615821831251
1020,193,9.752373971604786
1020,226,10.765745505422633
1019,9,9.634902054787135
1019,27,11.706963913410128
1019,41,10.758207480537823
1019,69,10.874638542984165
1019,81,13.887296852198308
1019,138,12.748586337398798
1019,162,13.297726919382217
1019,177,10.17112779987676
1019,205,11.89679479606009
1020,15,12.979399873438606
1020,29,15.36947009098397
1020,44,15.746289415957442
1020,59,13.27627061060131
1020,73,14.327904374521161
1020,88,14.58446381768457
1020,103,15.100160261463103
1020,117,15.066355103399323
1020,132,14.691505772105389
1020,147,15.480546403871822
1020,161,13.830349567521584
1020,174,15.12206477767842
1020,205,13.06801488525557
1020,221,14.401249930325545
1019,27,11.956732047316024
1019,40,11.920798940065904
1019,53,6.943916414685534
1019,67,13.077011779309714
1019,79,13.506470086971479
1019,93,11.228562041700771
1019,106,11.119212036259174
1019,111,8.628913506441506
1019,118,9.301764157688375
1019,134,13.34207520441469
1019,159,12.204288030690485
1019,201,12.066041454091481
1020,14,13.127953817145917
1020,21,6.828812555655591
1020,29,14.799399352162556
1020,43,15.347530968293249
1020,57,13.682758387389008
1020,72,11.147814625895675
1020,85,12.533366566511038
1020,100,13.12197064380604
1020,114,12.465163212394106
1020,129,12.589684232614655
1020,144,14.35125223531272
1020,170,13.840060644430805
1020,200,9.974217005696655
1020,216,13.976138487395001
1021,11,8.7251347789257
1021,15,10.979881275834732
1021,31,11.558935385399835
1021,46,10.824147796102741
1021,61,11.873524758647198
1021,76,12.39537278582067
1021,92,12.895662001252342
1021,107,10.895896222045744
1021,122,12.243454195986496
1021,137,12.394799053450141
1021,154,12.825624974905212
1021,168,12.11056409628849
1021,183,9.376792547517718
1021,230,8.375364657722026
1020,14,13.38927614128983
1020,27,15.086644586555579
1020,41,14.07049076249699
1020,54,13.399784199728144
1020,68,13.35079338442068
1020,81,13.776080111236716
1020,136,13.383486452268754
1020,161,11.64870285965246
1020,205,12.48665927347236
1020,213,12.114716430904034
1020,234,10.512497591570364
1021,15,12.458847587011167
1021,30,11.073759274309953
1021,45,13.901701995484705
1021,60,12.635367439492667
1021,74,11.977394145047791
1021,89,13.926635442193124
1021,119,12.678395898385272
1021,134,13.086554473270029
1021,150,13.935288368381135
1021,164,12.498457707858183
1021,178,14.484609461370246
1021,225,12.954144352420489
1020,13,13.836948719667276
1020,26,14.551055475228338
1020,40,14.08830955269371
1020,53,13.78154858686921
1020,66,12.928508295145281
1020,79,13.019869540850845
1020,133,14.344786873653783
1020,157,12.624902559884724
1020,199,13.320042779508885
1020,222,12.539201433621903
1020,229,10.381783841497342
1021,14,12.363127325408822
1021,29,13.07754116511372
1021,44,14.077177396833665
1021,58,12.875401874334358
1021,73,10.87028663143688
1021,88,12.660581676955038
1021,102,11.78500415374434
1021,117,12.577121433291119
1021,147,13.899206686850441
1021,174,13.948720496497526
1021,220,12.448087446638855
1022,22,11.265875377157199
1022,31,13.020005779361288
1022,46,9.747252441925937
1022,61,8.737324430398385
1022,66,nan
1022,77,nan
1022,93,3.9687873067036077
1022,108,11.123127297204448
1022,115,nan
1022,123,12.651226277187535
1022,138,8.582827785620848
1022,169,9.421083860040904
1022,179,0.4189375739344616
1022,182,8.58492981263566
1022,200,8.315212214596004
1022,215,7.663428020800986
1022,238,8.75900104439951
1020,13,11.403295192824299
1020,25,12.376211807727378
1020,38,12.678208384988903
1020,50,10.80827643131621
1020,63,11.17345118426073
1020,75,11.73930884632496
1020,88,8.778501436376684
1020,127,14.333180732572275
1020,164,10.543794809796792
1020,190,12.455400484157744
1020,211,11.983343408742677
1020,225,10.426640904772533
1020,241,9.681238693378905
1021,14,12.476727369111485
1021,27,11.451190280440983
1021,41,12.951978166781027
1021,68,10.89563127467224
1021,81,12.886484129658271
1021,119,8.655242199045437
1021,136,12.980182318879063
1021,152,10.411637928904467
1021,162,13.861879368646285
1021,192,11.960827558656481
1021,205,14.15288928745981
1022,3,-4.920967874962092
1022,15,12.811264855339132
1022,30,14.305750429429995
1022,45,10.74893805135369
1022,60,9.91938563720368
1022,105,12.733658876500066
1022,120,12.618599738925035
1022,135,12.032791686416836
1022,151,12.18438730663931
1022,165,10.778244567129331
1022,179,12.83735496492711
1021,13,13.057605897507912
1021,26,10.053066109432372
1021,39,12.362194717841836
1021,65,12.418328902209883
1021,91,10.897453677588052
1021,112,3.0815332663248967
1021,131,12.735678079463796
1021,175,9.544953127104938
1021,185,9.721102506964511
1021,197,13.658503604715797
1022,15,13.075632456791135
1022,29,14.829620608901724
1022,44,12.914346473924494
1022,73,10.244537117439616
1022,88,11.403276177614423
1022,103,11.848178134342053
1022,117,12.746355773548075
1022,132,11.242375117921712
1022,147,13.410605985984825
1022,162,11.893945275127955
1022,175,13.614178465964548
1022,191,13.070347802824545
1022,205,12.031853135875743
1023,31,12.316035579954878
1023,46,13.258553974851973
1023,62,12.3403662261676
1023,77,11.261998051606948
1023,93,10.708935705998153
1023,108,11.163071370260663
1023,123,12.355223571911056
1023,138,12.526835963211404
1023,154,10.869804146080813
1023,184,12.64102895146037
1023,200,10.994348577065544
1023,242,9.350794811133124
1021,15,6.59565279461464
1021,58,7.168288823141458
1021,114,4.794372576713911
1021,136,1.1970111378602504
1021,143,5.094850809130547
1021,194,4.8718574038576445
1021,88,5.633904438471671
1021,110,9.325039045491799
1021,148,4.895695113333365
1021,166,8.973818814081573
1021,174,7.9025287804666355
1021,213,9.254825065724779
1020,15,12.01820452579975
1020,31,13.792216117604932
1020,46,14.396704418497395
1020,62,14.008154375442565
1020,77,13.747684158326091
1020,93,10.89817119921393
1020,108,12.937893092326458
1020,123,11.204866173466364
1020,155,10.6634393237485
1020,171,9.641870396244668
1020,185,11.79283285705915
1020,200,9.841634821274726
1021,63,6.881963000417129
1021,98,7.526696292133712
1021,137,7.731180687863136
1021,211,6.459942810347961
1019,16,6.249700858313205
1019,42,6.843574236401051
1019,64,10.720149075373424
1019,96,10.445440977978695
1019,112,10.084030169662682
1019,158,9.189944550935548
1019,192,11.060656633928986
1019,208,5.630767759611813
1020,15,13.215625512296484
1020,30,13.466336053153974
1020,46,14.10779512729398
1020,61,14.275457848971556
1020,76,13.290314186167976
1020,91,14.574050436124868
1020,107,14.179483479099503
1020,122,13.829361530179451
1020,138,13.348938188664722
1020,168,11.24824751094717
1020,182,12.629510084374072
1020,198,11.673422018923162
1020,214,11.967606803602983
1021,24,11.362733287981236
1021,37,8.965130175054696
1021,60,8.939179813020015
1021,83,8.28958590841431
1021,92,7.320019996728782
1021,100,7.364260986967944
1021,125,4.724359179698976
1021,167,6.05357280734539
1021,178,6.316315232329892
1021,205,2.6799211192275454
1021,235,6.364042563927588
1019,50,6.271444601430776
1019,64,9.163023060918343
1019,80,11.803152139885945
1019,96,11.795884587483483
1019,112,11.929175179449363
1019,161,10.815587308782211
1019,191,11.608423280192195
1019,234,7.80964098233672
1019,239,4.011065175301669
1020,42,16.272722103928846
1020,102,16.17230064312841
1020,119,14.82378458286642
1020,143,14.535606376988584
1020,149,14.49643544388204
1020,220,13.296010493576386
1020,226,13.594571799112272
1021,20,6.5055012422093945
1021,24,-9.468790808177195
1021,30,6.80772955561681
1021,66,2.8468518308052855
1021,83,-0.5215110780848857
1021,109,7.532309343130037
1021,204,8.790546772454968
1018,7,11.702571859831519
1018,58,12.059595522685076
1018,97,12.00652799359466
1018,105,11.738179091432903
1018,130,13.052387330735174
1018,162,12.666386713119307
1018,213,13.194768214106233
1019,14,13.354045893608399
1019,27,8.172403828940059
1019,34,10.344923319803085
1019,48,10.765811981420432
1019,57,10.447651958035799
1019,64,9.973169283281894
1019,73,9.089160786767518
1019,95,10.336917077302143
1019,111,9.920720198613557
1019,127,8.408861304566635
1019,154,9.817707971077965
1019,175,11.68356594904829
1019,190,12.83469142879883
1020,25,13.328427396233478
1020,44,13.810958861561769
1020,74,14.402668805250059
1020,92,14.490530045598096
1020,118,13.244629017655196
1020,135,12.141873064893755
1020,149,12.942785790007608
1020,184,11.4524818796884
1020,203,11.950917487567319
1020,223,12.05725097209838
1021,18,7.243214457060799
1021,38,6.212514674385811
1021,89,nan
1021,111,5.4072996293797235
1021,134,9.586363190783478
1021,169,3.9059579481599838
1021,181,3.8468544594081475
1021,210,0.5742531338773385
1021,218,3.4056647439018666
1017,50,2.4208922681881155
1017,65,7.191211084836437
1017,97,7.73319637424612
1017,113,3.122012309080629
1017,178,nan
1017,193,nan
1017,239,7.380412058208603
1018,21,9.827250642596637
1018,81,13.539730729411128
1018,97,12.554107210557921
1018,130,11.832046148128303
1018,162,12.928328466497337
1018,178,11.473435823372517
1018,211,11.87088106067785
1018,227,12.060037544080192
1019,13,11.521565398147079
1019,79,11.182047355477081
1019,110,11.344973502682858
1019,127,12.100456766281052
1019,143,11.39373163588778
1019,150,10.58288847989413
1019,189,12.251077717902374
1020,14,13.1138372061427
1020,29,14.67393070548283
1020,43,15.179902746928883
1020,58,12.773250890340071
1020,72,12.543127265348668
1020,86,13.559857420068822
1020,145,14.010355798299685
1020,172,12.04889076391675
1020,219,13.276717086730534
1020,231,8.754745554549189
1017,16,4.183779909149947
1017,32,3.6262889759108123
1017,49,9.985769126237113
1017,81,2.6740425634039964
1017,113,nan
1017,118,nan
1017,130,-10.25945723085028
1017,163,nan
1017,194,3.73210332609798
1017,237,9.314736373715874
1018,55,12.288137278429705
1018,64,13.13554797936314
1018,91,12.662355102259273
1018,113,13.053570672954155
1018,171,12.707358151748227
1018,217,13.421930832032867
1018,227,12.523071468602055
1019,15,10.494334071646175
1019,31,9.176001145090083
1019,46,7.235331290650075
1019,62,5.85874704258174
1019,78,12.348830835023072
1019,92,11.179946584925414
1019,108,11.294400106312306
1019,124,10.983793273105986
1019,127,-1.3674589838011555
1019,140,10.370775047265049
1019,156,10.399476746532226
1019,185,11.598888811892195
1020,27,15.59678925633607
1020,41,14.954065079163517
1020,55,14.049358165430556
1020,69,12.653022742204676
1020,82,12.80080315266047
1020,109,12.89923867627341
1020,137,15.68943899138752
1020,162,12.876030000888054
1020,218,8.344507770576971
1016,79,2.6019307866847186
1016,90,6.937342575094089
1016,113,6.97445509485604
1016,143,7.223468003119934
1016,226,5.229494584402493
1017,49,5.03379066182089
1017,105,-1.3918335625762404
1017,175,-5.046142556468
1018,32,11.551543949983714
1018,48,12.593692073122956
1018,81,11.766890578893165
1018,115,11.030997939717363
1018,129,11.889092176892557
1018,162,12.295990920203078
1018,221,12.012202480402953
1018,240,8.223990618297787
1018,243,4.543471545388988
1019,15,8.303345216827868
1019,76,10.994304360083225
1019,106,11.884192015828727
1019,137,11.846404621143535
1019,153,12.12869374896291
1019,167,9.549154688438064
1019,181,10.933056110511767
1019,204,10.230166476382859
1019,229,10.409336995745981
1016,60,6.881513795585761
1016,106,8.535203541446734
1016,134,8.134529574699016
1016,179,8.593076412789326
1017,117,8.660958848541169
1017,169,6.054613691775522
1017,182,4.731126945026391
1017,224,7.577393075818836
1018,21,10.482425850783702
1018,64,11.818985245822212
1018,81,12.026024310369438
1018,129,12.764238406619624
1018,135,10.998747719519223
1018,145,13.027833555472979
1018,162,13.135663273476258
1018,194,12.694192102418555
1018,209,12.101223974333017
1019,15,11.662765838793616
1019,29,9.723660275960553
1019,44,10.820904712634075
1019,59,8.85369094765122
1019,87,9.576432268443313
1019,125,10.050366683330287
1019,148,9.638142287127014
1019,175,12.946779548042409
1019,237,8.726995656361126
1015,11,10.45304234529292
1015,27,11.14141730754258
1015,108,10.771485854020035
1015,150,9.782787041012908
1015,169,10.696072397469223
1015,186,10.881110243206464
1015,212,10.358118733141126
1015,224,11.439659331454699
1016,30,9.638743822389449
1016,77,10.061794023485135
1016,99,9.303486382658912
1016,156,10.178728541104903
1016,226,7.073601300644534
1017,7,11.182980318724969
1017,32,11.894939093945725
1017,64,9.825975864734373
1017,97,9.862198679932648
1017,113,11.22341525021614
1017,210,9.234052624452435
1017,226,8.190726088009828
1017,247,8.95546086120039
1018,16,10.266266283804605
1018,32,12.158012698928161
1018,48,12.282271389015095
1018,64,13.176755145924181
1018,80,13.1301639864155
1018,95,11.490712798733483
1018,127,12.374469708043154
1018,144,13.325440768889054
1018,159,13.319499552384489
1018,175,13.23543668499347
1018,190,14.257949477504873
1018,207,12.343410043193101
1018,223,11.78192617993356
1015,44,10.657185668713767
1015,130,8.873086907903001
1015,145,8.092326949669255
1015,158,8.555580417343972
1015,175,4.146614105032623
1016,13,6.626542429439541
1016,55,8.577971058454612
1016,97,9.27322174795967
1016,114,7.332064410614504
1016,130,6.405527221098155
1016,146,7.001169510963341
1016,178,7.576170992530518
1016,192,8.234653714392126
1016,229,6.177488147735377
1017,16,11.072391959452379
1017,33,11.882535036279902
1017,49,13.016452066176162
1017,65,13.10371859140173
1017,81,12.841000945494176
1017,98,12.906438366301593
1017,114,12.832829348217698
1017,130,10.809077136556462
1017,146,9.479352007920621
1017,152,9.225997985610004
1017,193,10.465719786514672
1017,227,9.14294871710638
1018,16,10.809386340175006
1018,47,13.170266756963988
1018,63,13.75943694996524
1018,79,14.001048623954775
1018,94,13.20872899563317
1018,142,14.269010253092656
1018,158,14.149733617362742
1018,174,13.541441263295049
1018,188,15.423790404612504
1018,205,12.139645642818719
1018,239,8.78032336460169
1018,247,9.726505547384514
1014,12,11.714537677778207
1014,55,10.434351594536079
1014,92,10.62381282012467
1014,144,11.62184231491645
1014,176,10.40348113088492
1014,194,9.712140273822547
1014,211,8.739238579647386
1015,41,3.651400313624423
1015,51,7.27002210256793
1015,58,5.810829066495695
1015,77,0.4002122996516213
1015,89,6.637826640032392
1015,113,6.664791782141859
1015,156,8.152728701216612
1015,211,5.537984210563636
1015,226,6.228505541072734
1015,242,8.881665141806623
1016,20,7.682620606526856
1016,59,6.814646208368405
1016,98,6.804028377936336
1016,149,6.896960690235277
1016,184,5.750331999328967
1016,225,7.5198518539083565
1017,16,10.637224629640041
1017,33,10.393987835314938
1017,49,11.093268138293478
1017,65,10.34731678340815
1017,98,11.270791513862052
1017,113,11.387247109477897
1017,130,10.07320761970416
1017,163,10.872452582873253
1017,179,10.570661834497292
1017,195,10.301047329385193
1016,34,-2.7715246614373834
1016,67,nan
1016,85,nan
1016,90,nan
1016,97,nan
1016,144,nan
1016,146,nan
1017,17,10.055569652409734
1017,95,8.551120761400778
1017,104,9.207051305295199
1017,152,10.663401791152216
1017,187,9.41166996227073
1016,5,9.654343971918445
1016,74,9.136556253612175
1016,107,9.75639583286021
1016,171,9.667591439389053
1016,204,10.469019015519763
1017,14,12.176394011367346
1017,42,11.041807973101626
1017,57,12.044032702092643
1017,84,10.959810800245668
1017,114,9.469688838519957
1017,143,11.661584604601318
1018,30,11.913033003776139
1018,45,8.32554810248922
1018,60,nan
1018,75,9.746670477461382
1018,89,11.789016820125864
1018,106,6.197416888393324
1018,120,9.557781296942679
1018,135,9.573521141144381
1018,151,11.355202700265021
1018,193,1.0077840684278694
1018,216,-1.0354301007354625
1018,235,7.193595564969079
1017,14,9.349885795967971
1017,28,12.062532122821326
1017,42,12.240300205627769
1017,56,11.964016414086684
1017,70,10.263409649616035
1017,83,9.537027231859517
1017,98,7.727778830376191
1017,140,11.596882401574627
1017,191,nan
1017,211,1.9698731471353677
1018,30,10.321113282711906
1018,45,7.760319483019121
1018,60,8.738339923820961
1018,75,10.435110244935242
1018,90,12.184875978918633
1018,120,7.260792337138893
1018,151,11.045603357808794
1017,14,5.8364768079029705
1017,28,9.663992391193554
1017,41,11.091455896070347
1017,55,8.248292860779218
1017,69,8.043656184217875
1017,82,9.96299206095906
1017,95,-3.182464599749201
1017,110,-2.39759625702934
1017,117,nan
1017,120,nan
1017,139,9.514865186090875
1017,164,nan
1017,207,7.684071829345072
1017,217,nan
1017,237,8.257820816271504
1018,29,12.487615030784687
1018,44,12.31138285033785
1018,74,12.73907988063936
1018,88,13.322831210087394
1018,103,9.470156090474118
1018,118,10.072313470773084
1018,148,13.04320609673387
1018,175,12.540820394540502
1018,205,10.87431177055624
1018,224,7.5898474827017015
1018,242,7.127137587944688
1019,19,11.246800107168323
1019,92,11.583175573917686
1019,126,10.82191749296653
1019,134,10.267398987999012
1019,176,10.884551717570051
1019,189,10.297737331774297
1019,232,9.103717330867813
1017,27,11.609639725810672
1017,40,10.367517980522097
1017,68,nan
1017,81,5.639826527013
1017,136,9.745594455874107
1017,180,nan
1017,204,4.361058374577438
1018,14,11.463069255346854
1018,29,14.390804841083103
1018,43,14.037214166295545
1018,57,6.653986009830075
1018,72,13.394362597515848
1018,86,13.276901801544042
1018,101,9.880993565569089
1018,116,8.597610157631891
1018,145,12.570047629703913
1018,170,12.641827319064664
1018,216,9.236406157833537
1019,25,7.273745185339431
1019,91,10.191171106583443
1019,106,9.933009596969281
1019,170,8.701512116955394
1019,196,9.30581757741767
1019,233,8.156494830921268
1017,13,6.494373482096355
1017,40,6.043998233179202
1017,133,9.223159670642287
1017,158,nan
1017,199,nan
1017,244,8.755073123331812
1018,17,13.74493569616234
1018,28,14.817003764587216
1018,43,13.87700133270932
1018,48,8.808188698636565
1018,57,12.015506467416024
1018,71,14.66831813267634
1018,84,13.42459938914558
1018,114,11.04004635158988
1018,143,13.686965565231073
1018,169,12.147390119132563
1018,214,8.990619828202338
1018,239,9.162845070739404
1019,43,5.331752620659311
1019,52,8.46871467727403
1019,56,2.7307024040704553
1019,90,6.474409760228812
1019,107,3.052211989251099
1019,117,5.848206020043591
1019,158,3.9685521906562045
1017,76,5.257198689681609
1017,99,-4.526882748377745
1017,129,8.550960468594544
1017,162,5.089108077377402
1017,193,8.131477887360086
1018,13,12.469821233936758
1018,27,14.294027294808526
1018,40,13.73436776976819
1018,54,10.740368159108789
1018,67,12.912663820082646
1018,80,13.1189245191468
1018,135,14.850261550429288
1018,160,11.727267278147004
1018,226,10.785709569554916
1019,15,10.393559370636607
1019,52,4.141481315697043
1019,77,0.755634169665107
1019,89,11.317942198491796
1019,104,7.084105207493472
1019,151,10.796527481702638
1019,178,11.13485585922572
1019,194,4.720247602009993
1019,209,0.9322897265698418
1020,31,10.84869679331517
1020,107,12.459634969318527
1020,123,10.95921749930767
1020,138,10.973201418176375
1020,183,11.679287122234257
1020,213,5.656393897790933
1020,218,7.3427124838627975
1020,223,8.89673009837229
1018,13,11.003335568705017
1018,26,12.745077662037632
1018,38,9.023678483405973
1018,64,12.411391688484583
1018,89,6.3428444153265655
1018,128,12.11060789179653
1018,152,8.999181841397478
1018,171,8.879471175488815
1018,193,11.936697960986509
1018,214,10.98651011912209
1018,228,12.704928281156864
1019,14,13.811581568760436
1019,28,12.20323494347884
1019,56,12.922935271151248
1019,84,13.52266924341296
1019,89,9.678058558891745
1019,134,9.522843681225401
1019,142,14.451721056868118
1019,153,8.212271773333887
1019,167,14.170680123800114
1019,212,14.174825916916088
1020,15,11.366878626323524
1020,31,11.846846965127455
1020,46,10.554227360262153
1020,61,11.40140272018293
1020,76,12.672772008728664
1020,91,14.418425608049763
1020,107,13.716328422527432
1020,122,12.999673037210613
1020,137,13.345006731397502
1020,181,13.122597631016582
1020,229,10.650794366520087
1018,12,8.416031336959831
1018,25,11.592057547375642
1018,63,1.5807070446926696
1018,84,3.3751901293265805
1018,126,9.274854798145604
1018,148,10.390908856666059
1018,167,9.26633822986864
1018,188,12.666522164138254
1018,209,11.067590199096855
1018,223,13.254833252289352
1019,1,8.780921972458183
1019,14,13.096973348437373
1019,24,9.546485692436162
1019,40,10.855889262482386
1019,66,12.793904776666743
1019,78,11.18626444023742
1019,97,7.522727861304315
1019,105,11.462977464108846
1019,132,14.501092345258414
1019,155,11.907396856583741
1019,170,11.199800353770094
1019,193,11.126385717759515
1019,197,13.042844209156094
1019,233,12.629210872159309
1020,15,13.047070973363436
1020,30,13.504448278328843
1020,45,12.661493955496164
1020,75,12.530732095619182
1020,89,15.432407539707603
1020,105,13.938888366957293
1020,120,12.68456784984105
1020,135,12.83304026472444
1020,151,15.104840157811996
1020,165,13.260067068728524
1020,178,15.120934776350097
1020,195,13.875135572415893
1020,226,14.111463333606595
1020,247,6.6620687122715445
1021,62,11.18995746824698
1021,92,10.037273112738596
1021,136,7.678908039974546
1021,206,8.190478700669571
1018,22,12.771427988365696
1018,85,11.70028345911179
1018,124,12.800649546572043
1018,174,7.003388731072533
1018,186,10.487165135893807
1018,202,4.383124596494886
1018,207,7.31918795432721
1019,13,9.494406128602066
1019,44,6.950717301518393
1019,56,5.527551455996598
1019,63,11.45534638262846
1019,100,11.108874990879151
1019,126,15.0499150893961
1019,168,9.106239158019399
1019,189,13.95004954089272
1019,210,12.370264190860823
1019,224,13.367865112656068
1020,14,15.17859658766913
1020,28,12.15559417063904
1020,42,14.707715646774975
1020,56,14.424046082477473
1020,70,13.932630514502659
1020,84,15.372584690925525
1020,113,13.594664436320949
1020,142,16.25142134517844
1020,168,16.232032673166714
1020,189,13.450358868544136
1020,213,14.43487964653745
1020,228,10.688472208158831
1021,15,10.242005751917135
1021,60,9.96522685860899
1021,76,9.634989452233933
1021,90,13.504731938307382
1021,106,12.919696299577208
1021,121,11.805820049627746
1021,151,10.047281603158043
1021,180,11.819719160810866
1019,12,3.3270119919952164
1019,37,8.782767724765394
1019,42,nan
1019,46,-1.9855944502751866
1019,62,10.39458998055096
1019,99,9.08035289388903
1019,111,8.441166749340953
1019,124,13.402593987258932
1019,136,6.3688444050443085
1019,147,6.1843837344613695
1019,173,7.344114991229428
1019,186,13.695155574047762
1019,207,11.526467768825658
1019,220,12.451565076482948
1020,13,15.123897308570172
1020,26,12.783941426251015
1020,39,13.36543042203288
1020,52,13.52669521826761
1020,65,15.032068572619757
1020,78,15.071046542943877
1020,91,14.622770708918459
1020,110,12.698554836070405
1020,131,16.620057102489557
1020,155,15.179267367082232
1020,197,15.738309345049553
1020,219,14.593315262019257
1021,45,10.721380531927041
1021,60,11.06706101211027
1021,74,9.238583585995627
1021,89,11.667713955907253
1021,104,11.52465915209206
1021,119,8.352020368085867
1021,139,7.147888116535812
1021,150,10.293734705741677
1021,164,9.58122897982599
1021,177,13.773851043642274
1021,194,11.294243839515659
1021,209,9.803221121734312
1021,223,10.271429343807446
1022,21,13.050737338015637
1022,60,11.055464063424518
1022,75,10.81442012524844
1022,89,12.475109003182235
1022,105,12.890474424798313
1022,151,12.403520221844895
1022,178,11.685093878309365
1022,203,10.414809095992226
1019,37,7.481815346055453
1019,62,-1.8130111659402521
1019,85,nan
1019,98,7.234980278320546
1019,117,7.070674054141932
1019,123,12.90404482178799
1019,134,3.4912954926880424
1019,146,0.3367008381473918
1019,184,11.873208424403032
1019,199,nan
1019,206,7.900687547784402
1019,218,8.848519001548777
1020,28,15.25384285065668
1020,40,15.556041993812276
1020,99,15.52475805170414
1020,128,16.327052153884438
1020,151,15.272725495157184
1020,192,15.118301469166065
1020,227,14.404383816299447
1021,34,10.127092313600876
1021,87,13.770306604552855
1021,147,12.477277548962814
1021,174,13.937697532922593
1021,190,12.005082804733087
1021,205,11.210792773036198
1021,224,10.306508113228256
1021,231,9.710863934967326
1022,30,13.18929032317489
1022,45,11.471283027282908
1022,57,9.882340806476812
1022,72,9.660119098652727
1022,75,11.590819674267234
1022,89,13.452296469090182
1022,105,13.122204873352874
1022,151,12.96542680601446
1022,178,13.726040512513025
1022,205,8.937000539879211
1022,240,8.940981448997738
1019,24,nan
1019,61,-1.198806657123547
1019,97,7.277503801895371
1019,109,6.7587257147031465
1019,122,12.225764682397644
1019,134,2.2057747386777233
1019,140,nan
1019,184,12.514533481585117
1019,204,10.785186426485964
1019,217,11.85719903372734
1020,12,11.369363533400154
1020,25,9.123887119669785
1020,37,14.036455967939672
1020,74,14.414071629150008
1020,99,12.420050340334646
1020,125,15.481653417821185
1020,148,14.380683673476039
1020,166,12.151555434581196
1020,187,14.585945597610932
1020,222,13.231111455121344
1020,248,9.859380315770185
1021,41,10.382470382731523
1021,56,11.0101432413886
1021,84,13.942171856718959
1021,98,12.582481464832489
1021,126,12.248246913844982
1021,141,13.806230257612297
1021,167,15.595280834543871
1021,212,14.151774828031353
1022,30,13.034505874074856
1022,45,11.726820240978682
1022,77,10.685251717751605
1022,89,11.472245231544836
1022,99,9.980534528425226
1022,134,10.893822257623027
1022,160,10.836466709004512
1022,176,12.746809660553353
1022,235,7.843690749555895
1020,13,11.184291859668072
1020,37,13.367315213381216
1020,61,12.702227910649418
1020,73,12.920716566087647
1020,86,11.481855610373163
1020,123,13.221138571232672
1020,184,12.59063009430337
1020,204,11.216279364325796
1020,218,13.212017256256308
1021,13,12.50912876287712
1021,39,12.662855914031443
1021,77,12.775107947936363
1021,102,11.983776070957235
1021,129,14.242098513079661
1021,141,12.176708824866703
1021,152,11.953128555575589
1021,167,10.829469301182424
1021,179,11.947227692224622
1021,193,12.13932289916492
1021,229,12.493779903048708
1022,15,11.619262584701197
1022,29,13.723034526608341
1022,87,14.284430310086902
1022,101,13.72405071347028
1022,130,12.73655064175307
1022,172,12.739362428925604
1022,217,12.501573832525906
1022,225,12.441026773775768
1023,17,11.048250987355368
1023,29,13.614305376386053
1023,44,13.31683369711685
1023,63,9.443239023495845
1023,74,11.124128849299769
1023,88,12.138933233957383
1023,125,8.282263588119749
1023,175,8.819422880677681
1023,244,8.830972196279012
1020,12,8.949417151612257
1020,37,12.558470419531357
1020,49,11.546127645207285
1020,61,13.396159376205043
1020,73,13.21391097334985
1020,110,11.605136837983721
1020,122,12.080269645871924
1020,134,11.099500523005933
1020,147,11.66052743318838
1020,159,10.680077231960343
1020,184,11.82130891548262
1020,195,12.010302845598307
1020,217,10.047454203381939
1021,1,8.567659115172015
1021,74,11.639546718647683
1021,125,14.106989865683602
1021,148,12.519210542474703
1021,187,12.852618118861692
1021,208,8.363252625396942
1021,221,12.161275608942306
1022,14,14.407686722610801
1022,28,13.90788246113797
1022,56,11.271925804674733
1022,84,11.930654150123395
1022,98,13.282326208622985
1022,128,11.04738545382489
1022,159,10.916355404935894
1022,217,11.991734174087325
1023,24,14.3124256421593
1023,66,14.299161599929338
1023,118,12.26311718971921
1023,153,13.013573632967075
1023,164,13.010738795746759
1023,222,13.023289197590662
1020,24,8.835307153024473
1020,36,9.973262474176513
1020,48,9.517741961495684
1020,61,11.630882039303875
1020,73,11.928810183166549
1020,76,5.505181005612626
1020,97,8.718048736683105
1020,122,10.40940796517048
1020,144,8.879924732413954
1020,174,7.388108461363034
1020,216,8.839461878348256
1021,24,12.07753528617304
1021,74,11.544805195340652
1021,86,9.873434503366816
1021,105,10.482981481740136
1021,124,14.148485098836808
1021,147,11.692424917089955
1021,186,13.017921700731316
1021,220,10.271714443981965
1022,14,13.311370663049955
1022,27,11.686909019810354
1022,40,9.806271021056169
1022,68,10.9520317952739
1022,82,11.510830018086445
1022,123,10.910051882500419
1022,136,10.614780616934151
1022,162,13.51477842122039
1022,191,11.650617249417557
1022,219,10.771637636536994
1022,224,10.875154613810189
1023,28,13.442107257079075
1023,42,14.772172695539357
1023,57,13.494532687599232
1023,71,12.095313810519393
1023,85,13.438943298837929
1023,99,11.924473540190228
1023,142,12.060371244657556
1023,169,10.782587674712152
1023,216,9.513787572057343
1021,88,8.21361545788616
1021,115,7.90705618367396
1021,155,9.456464544415805
1021,181,8.534780984115415
1022,13,12.322102624656928
1022,25,12.934350640102076
1022,64,9.72394439421095
1022,128,11.413474286586279
1022,165,11.585813361026334
1022,192,11.981887716988705
1022,226,11.592184372130669
1023,27,12.310836554542593
1023,41,13.461268808400764
1023,55,11.096921296362092
1023,63,9.69409715808809
1023,69,12.634011319869705
1023,85,10.079682418594851
1023,145,12.779845058857271
1023,207,12.042883838311049
1023,242,1.9176273521331328
1021,23,5.945476216507746
1021,84,10.069176190690875
1021,96,8.365993532185339
1021,121,11.366947522557538
1021,181,9.920219706566504
1021,194,7.199816661661817
1022,25,9.695357202212776
1022,49,8.937556970439074
1022,124,14.341181252894799
1022,147,10.834163109980366
1022,185,10.78603944644501
1022,218,12.155590130048735
1022,224,9.063975054710356
1023,13,11.89659266605663
1023,26,12.131702393924952
1023,40,7.9827005636439825
1023,66,13.042809964114285
1023,79,12.884528963837191
1023,93,11.678234437410275
1023,105,10.939288671652918
1023,185,7.018519183555091
1023,199,9.677427906619902
1022,16,15.495435527749228
1022,59,10.243406300409944
1022,110,8.615834084307306
1022,123,14.185271382585592
1022,145,12.055405134167618
1022,184,12.051149668089696
1022,218,12.152823505780022
1022,241,8.8681190589483
1023,13,10.169666417959146
1023,26,10.926436735063554
1023,39,11.79200432072694
1023,52,10.876623070181537
1023,65,11.552342049350777
1023,77,12.864966429973407
1023,116,10.54698561528927
1023,121,7.116347723226496
1023,131,11.239022032702636
1023,153,10.004379849906213
1023,163,7.063098097634985
1023,172,7.506670454084508
1023,180,8.969211981181983
1023,218,10.427661325659097
1022,24,9.662249789036064
1022,85,8.11667067069555
1022,97,5.920189001036573
1022,123,9.41244618194698
1022,157,8.188716182336586
1022,181,9.074137211216218
1022,216,9.540505666979037
1023,13,10.73629710098361
1023,38,10.589409980478553
1023,58,6.3281162274333465
1023,63,11.192064268335384
1023,127,11.380333272288022
1023,150,8.98289573628978
1023,197,10.374237355713818
1017,14,10.375066842375556
1017,28,12.326548276281468
1017,42,11.848485725061554
1017,56,11.536738749345654
1017,84,10.10419637929897
1017,141,12.57128726118804
1017,227,nan
1018,15,3.776602464113349
1018,30,8.639250906497624
1018,73,-0.724989364373062
1018,88,4.222043305447537
1018,177,nan
1018,241,9.525799893680627
1017,14,8.379229554151014
1017,27,8.846268119841415
1017,41,7.645560587174938
1017,55,3.993394700060392
1017,81,4.779501566939328
1017,137,10.612995527731695
1017,170,nan
1017,190,nan
1017,232,5.139608589129411
1018,99,8.73468282097724
1018,114,6.993413005983905
1018,191,8.076062868065964
1018,202,9.287984948683224
1018,217,9.310987377452742
1019,19,8.488659556377417
1019,30,8.165180438607791
1019,61,9.276768940269543
1019,90,11.623154845685136
1019,132,-1.8170419328440024
1019,137,10.617799536765437
1019,146,4.345891122213342
1019,172,11.530795861396403
1019,198,7.143633925020857
1019,213,7.696766254677305
1017,14,12.429728672782547
1017,40,10.888018213488158
1017,67,4.555075132158258
1017,79,9.07325562718787
1017,95,6.056045835675019
1017,100,12.343012815007928
1017,121,nan
1017,134,12.647430793514683
1017,159,7.993558784430528
1017,180,-2.953547666693959
1017,201,11.966812036466187
1018,1,11.06096425220027
1018,7,10.196574109505256
1018,29,12.983681914199751
1018,72,12.439271954025903
1018,194,12.250077940853414
1018,231,11.028162620102687
1019,15,5.791213532326025
1019,32,nan
1019,75,2.200180723798891
1019,106,7.4593061654935084
1019,153,6.929953766938296
1019,170,8.74029322415059
1019,237,7.366944684211806
1017,18,11.576748532199659
1017,39,8.478994004672785
1017,63,4.548627391899088
1017,84,14.053398712552807
1017,133,12.20518575986153
1017,156,-1.9254369423151043
1017,168,8.889572839327233
1017,198,5.108342366618008
1017,221,8.326257836324915
1017,227,6.9991611161850535
1017,235,8.820622506584264
1018,14,12.01166916049984
1018,28,14.79484079182206
1018,42,12.808021014842275
1018,70,12.553506913207958
1018,83,11.380547781213801
1018,141,12.967099456980513
1018,155,9.386378367697949
1018,181,9.183767703344587
1018,211,9.420958542544017
1018,238,8.669116126862008
1018,244,9.349119968074337
1019,15,9.108824649865243
1019,89,5.709158088232083
1019,141,1.5419505454334772
1019,151,0.7567098538291427
1019,167,4.912495786156165
1019,178,10.923969858523188
1019,190,5.357278543517978
1018,27,14.298230901264418
1018,53,12.10223004898098
1018,87,11.883142800446056
1018,119,11.271379677115842
1018,137,12.990607872153898
1018,172,11.937610199820288
1018,175,12.15668883457434
1018,202,11.550938350676157
1018,222,11.84933349534122
1019,15,12.086606086620415
1019,31,8.158658792343957
1019,44,9.408550163210753
1019,88,13.10391297904392
1019,134,10.846595629412912
1019,149,11.773060291424697
1019,159,7.316313714640973
1019,162,5.570686363005464
1019,177,12.501099639940973
1019,209,9.558084738363906
1020,31,10.266781448107022
1020,46,9.979693465621445
1020,62,10.14303483551732
1020,77,12.312213346645123
1020,92,13.199536125549084
1020,107,10.751222115854159
1020,123,8.740496740881667
1020,138,11.30727150550188
1020,183,13.054786125064386
1020,210,4.4196069011663255
1018,6,11.454995879296597
1018,27,11.502373892512011
1018,46,10.545886003001355
1018,135,12.002193774596828
1018,164,10.576434594003135
1018,178,10.459284627387886
1018,202,10.710032185500635
1018,219,10.606087903339201
1019,14,12.533904996974272
1019,29,12.10521455307977
1019,43,12.411570122146644
1019,72,11.683750071845553
1019,86,13.652618290803547
1019,101,9.390853711833477
1019,115,8.275614381397888
1019,145,13.323609111696388
1019,172,13.649099227678477
1019,222,12.384135214429579
1020,15,10.701107561021669
1020,30,9.333060901117484
1020,76,10.650224064323082
1020,90,12.955116627966826
1020,106,10.422440632412107
1020,122,11.062871962516375
1020,136,8.171247390476088
1020,152,9.744360033890311
1020,181,10.445846073585498
1020,242,6.419237073117911
1018,13,12.385842850113203
1018,26,13.331130435253527
1018,80,10.439721084151039
1018,115,9.872722415744889
1018,132,12.110866254059388
1018,178,9.738560481248754
1018,196,9.663027768324856
1018,233,10.782111233773081
1019,14,13.50331249548201
1019,28,13.780903808869564
1019,56,13.26057540443182
1019,70,11.768429124290861
1019,84,13.72842940921416
1019,99,11.85887545066975
1019,113,11.024343672582441
1019,134,11.94122311771918
1019,141,14.832038055416362
1019,150,10.02882754554525
1019,168,13.38562192449848
1019,211,13.195581503623126
1020,15,12.696763173484937
1020,30,11.832519889303324
1020,61,10.87944080696036
1020,76,12.803810174996368
1020,90,14.7142597551454
1020,106,12.785024490562675
1020,121,12.239920226396436
1020,137,12.45583029837312
1020,153,14.03508898028603
1020,181,14.579200872971661
1018,69,10.869551914468236
1018,93,10.718673481238675
1018,128,12.90498550829791
1018,142,10.974850222475183
1018,171,11.082475369773233
1018,182,10.248313013637986
1018,191,12.421805209343287
1018,226,11.724897485383687
1018,243,8.619481261603408
1019,14,12.91693982820216
1019,27,12.67644766017651
1019,41,11.93572719581822
1019,54,13.5743644029281
1019,68,11.090036609140544
1019,81,12.734118345530556
1019,109,9.038791304467589
1019,136,15.138480443716421
1019,142,11.318273745352807
1019,161,13.68394408722397
1019,174,9.472644529512564
1019,189,11.104248057380904
1019,205,12.645669371695995
1019,244,9.199808749473657
1020,15,13.330808059591636
1020,30,12.726020419873539
1020,75,13.487400949892647
1020,89,16.119885535431568
1020,104,14.48010412863747
1020,119,14.098512169346296
1020,150,15.662955534525011
1020,164,13.453711866179688
1020,177,15.39192380020312
1020,194,14.514840441199619
1020,225,14.147326580200875
1021,107,9.594456576124434
1021,138,10.480473352886793
1021,160,7.219204907388371
1021,169,5.197911639390652
1018,9,8.992412660013773
1018,13,12.51649514931344
1018,82,14.367304622805968
1018,126,11.117788646920337
1018,164,10.62584739055325
1018,189,9.542339222092304
1018,225,9.832173886085226
1019,13,13.889173873970897
1019,40,13.242183199484854
1019,67,12.832519892738087
1019,79,13.698455309336573
1019,93,nan
1019,110,9.628569093354546
1019,133,14.654775968955505
1019,158,13.171969080415508
1019,188,11.708362412411248
1019,200,13.043997784348047
1020,15,13.13781738847503
1020,30,13.014393888438164
1020,45,11.90399612499159
1020,59,6.927832210882413
1020,75,12.152940653607757
1020,88,14.82649270748083
1020,134,11.352094459657135
1020,149,13.900861969421914
1020,177,13.951390525577601
1020,201,12.00560996623736
1020,224,13.3988137507383
1021,15,8.469416261113905
1021,25,5.477535224589206
1021,30,8.69110788690695
1021,46,10.373841855849864
1021,91,8.102275298314852
1021,106,7.796650164303286
1021,138,7.438073894541889
1021,142,6.7915508467473185
1021,154,6.949807311699654
1021,232,8.383032745293017
1018,25,10.550433597563236
1018,57,nan
1018,82,9.518520654154123
1018,107,4.240587639767607
1018,126,9.7925647528837
1018,171,-0.21494873690698368
1018,222,7.635600194278641
1018,245,10.478078448425412
1019,13,13.880464366669303
1019,39,11.046747909216549
1019,65,12.16951089336112
1019,130,15.61702075992736
1019,154,13.47163617646126
1019,172,10.757448259740936
1019,195,13.807564240701296
1019,231,12.619023644593046
1020,14,14.299136843711842
1020,29,16.139667177735618
1020,44,14.91165593288384
1020,58,12.062598571512677
1020,72,15.017856810601732
1020,87,15.561054118848245
1020,116,13.52077503398531
1020,146,15.262516137851081
1020,173,15.252091137922196
1020,218,13.47721507763909
1021,37,10.77376936204487
1021,62,10.797892399815163
1021,81,9.241576789262208
1021,92,11.373012209770314
1021,108,10.534745969104478
1021,124,11.6878432402034
1021,155,12.706323037414355
1021,185,11.67562634698667
1019,5,13.563754978146711
1019,25,10.970735524828308
1019,63,12.397301522804236
1019,116,11.48374053072005
1019,127,15.213333470583892
1019,150,11.251502457792258
1019,165,10.595422115282794
1019,190,12.958907253581867
1019,225,12.254949551284922
1020,14,15.005706251619042
1020,28,15.585230971301087
1020,43,15.011637801099116
1020,56,13.734629069537984
1020,71,13.755326458781937
1020,84,14.974635013123354
1020,118,12.601435976692814
1020,142,15.677607568830567
1020,168,15.044069403866535
1020,210,12.643258762588589
1021,1,9.508709497600364
1021,57,9.482763360049105
1021,91,12.7252366897156
1021,107,12.384364731407684
1021,122,11.46502554202063
1021,137,10.311889303700273
1021,182,11.911502747261682
1021,205,7.798605770370106
1021,230,9.789166359582543
1022,46,8.917113105178798
1022,56,7.830040637023133
1022,77,9.720995127871802
1022,92,10.531011841733246
1022,107,10.410935327902004
1022,182,10.676336104933883
1019,8,11.452317270889
1019,35,12.494650977641744
1019,68,13.324371488666067
1019,125,15.283697635823765
1019,163,12.780663843285582
1019,189,14.163326971005485
1019,222,14.016396898278927
1019,228,12.375727636037915
1019,248,5.515490568810554
1020,6,9.685640116303993
1020,14,14.886060889958543
1020,27,15.619675927607643
1020,41,14.37639891810451
1020,54,15.238635113094766
1020,68,15.573120924487668
1020,81,15.6341582493353
1020,137,16.6977056671597
1020,148,14.611438732688198
1020,162,16.505036046366527
1020,176,14.482174075306759
1020,206,15.17011067095803
1020,221,14.416697799406261
1021,57,10.990841987991534
1021,90,12.250189344389229
1021,180,12.994323207613041
1021,227,12.120792717723983
1022,15,10.12646827623483
1022,31,8.5947947588374
1022,47,7.1089510452820655
1022,102,8.578413125873258
1022,104,10.369967032404855
1022,117,8.088780287680008
1022,146,8.799601326791436
1022,200,9.78566796281564
1019,4,13.336087785402672
1019,64,13.190707663590988
1019,99,13.054420186791297
1019,117,12.301793413039642
1019,124,14.275445438324795
1019,186,13.800518961257227
1019,237,9.685536094147002
1020,13,14.35366087221288
1020,39,14.370856522580171
1020,52,13.893414828334084
1020,79,14.383694549107599
1020,104,14.05482617949194
1020,117,14.709356696707246
1020,131,15.988903678719552
1020,155,14.250863681573607
1020,197,14.461018118872095
1020,209,14.08506854648559
1020,222,13.86310704929109
1021,60,12.025125802558932
1021,89,11.505981500065005
1021,105,10.811619240449827
1021,150,12.480987733043092
1021,178,12.836068661755712
1021,209,12.244538548371231
1022,15,9.992404270902043
1022,30,12.037404849193575
1022,46,7.433669689213442
1022,76,11.472495467380547
1022,92,11.496536738537435
1022,152,11.132336448511506
1022,204,4.170967336925929
1019,18,13.775777967082941
1019,37,11.267575936957266
1019,96,15.193635792492287
1019,123,14.283292738212403
1019,156,10.944580762800467
1019,185,13.936111467343569
1019,220,12.368889303729606
1020,13,13.894076430212813
1020,27,11.028701425605911
1020,38,14.563438924137166
1020,51,12.553568175994222
1020,64,13.938037893559557
1020,76,13.653950581614701
1020,86,11.488952379734014
1020,102,12.24379139430884
1020,128,14.611903922440044
1020,151,12.904025417594829
1020,192,13.864105677100405
1020,212,10.69338661366827
1020,215,8.693334757863884
1020,225,11.45854036128947
1021,42,12.230275053509487
1021,87,14.312052480858323
1021,145,13.309967749490204
1021,173,14.620324735274364
1021,197,12.455035095984652
1022,30,12.732229864135647
1022,75,11.447179327135007
1022,90,12.881766241915138
1022,106,11.206562127626551
1022,121,7.801853674569822
1022,151,10.476044505921532
1022,164,10.079132703378072
1022,180,11.921706597542904
1022,195,4.686522502142779
1019,20,8.32605199184305
1019,37,8.442226366946981
1019,61,8.613216480903427
1019,84,12.903677391045452
1019,97,7.194370965563732
1019,122,13.093777695536197
1019,184,10.790242905592407
1019,204,10.54965695247674
1019,217,12.820989383084868
1020,12,12.327771888097141
1020,37,14.302139075725083
1020,62,13.79982359703726
1020,74,14.034624651333289
1020,87,13.469073457790799
1020,99,11.936809067351742
1020,124,15.134115376238
1020,186,14.413843253671779
1020,220,13.923162027031285
1020,227,9.625578935879606
1021,27,13.336380661539298
1021,36,11.637503066260082
1021,41,12.518651569701353
1021,69,13.816198909278011
1021,82,13.425815134116434
1021,110,13.24342439448921
1021,124,11.607290123563319
1021,139,14.146313238544664
1021,165,14.719504213437322
1021,207,13.543926088481943
1022,30,11.38469415925208
1022,45,10.929519391879134
1022,61,10.577377191040366
1022,76,12.181346365441206
1022,91,12.15770955698735
1022,152,11.286088585870713
1022,179,13.901758499844103
1022,211,11.706923139458269
1023,15,12.611952137809334
1023,30,13.258124220978228
1023,45,14.099694147412707
1023,59,13.101019051835564
1023,89,11.905768301200048
1023,119,8.322499741258673
1023,134,8.691798035094312
1023,149,9.047063695258913
1023,163,10.011530264634388
1023,166,13.929043544170188
1023,208,10.057482120176948
1020,26,13.18230844095892
1020,42,13.192606440384228
1020,73,13.795582152065528
1020,88,13.185305772434255
1020,98,11.992877988065818
1020,122,13.499666069381096
1020,177,11.555081181396204
1020,204,11.497941121684043
1021,1,11.145333727500173
1021,64,12.223962629355167
1021,129,13.868543032343066
1021,152,11.361305637028519
1021,193,13.14225649010427
1022,15,12.195457244225851
1022,29,12.624036597386487
1022,44,11.223183751591158
1022,86,11.952485561034017
1022,95,10.567266295812662
1022,117,8.97078059581848
1022,140,9.06969257577806
1022,173,9.135049749085539
1022,184,8.187267495560507
1022,194,9.957367121372165
1022,220,11.517107976124421
1023,3,10.572295591761431
1023,30,13.129268040137907
1023,45,13.551250527281173
1023,74,13.268076428477201
1023,89,13.285825240137864
1023,165,12.887386779888955
1023,206,10.58809695370551
1023,223,11.512179339097358
1020,12,8.546287886198032
1020,36,10.810000926723172
1020,48,9.80854901609398
1020,72,9.806015088035899
1020,99,11.99340622350655
1020,121,12.365376076078046
1020,182,11.909256957849495
1020,197,9.419868220516825
1020,202,10.33909933506795
1020,215,12.083356782109512
1020,240,9.218465978609858
1021,38,8.722877849047148
1021,61,10.108330438615805
1021,72,6.321622776868018
1021,83,7.55071404975554
1021,96,6.146323263433149
1021,102,6.54885383922629
1021,122,11.865779936124728
1021,184,10.567912109250875
1022,14,13.111094620050581
1022,27,12.332907051005119
1022,56,8.977725368025432
1022,80,9.256532135653098
1022,95,9.600413058031656
1022,122,9.408704425258819
1022,136,10.50110454238969
1022,162,9.775089644837292
1022,176,8.78523575074788
1022,218,10.207879333103527
1022,232,9.26112254622198
1023,29,13.288312394913088
1023,43,15.087644156083588
1023,58,9.932121944871364
1023,72,12.338012805387011
1023,85,11.827354405842955
1023,102,9.10854490403296
1023,128,8.87518051631488
1023,145,10.456392941206571
1023,170,10.657653184811851
1023,222,7.580363590167277
1023,235,6.927613486582679
1020,36,12.950739514940944
1020,74,11.998512129695612
1020,99,16.53652885804066
1020,155,10.760930814644095
1020,197,12.266984524791667
1021,44,8.358421411008552
1021,96,8.770227750551701
1021,121,12.319100431714176
1021,163,7.26459113252934
1021,200,8.785641660463941
1022,13,13.819853713413583
1022,129,11.536916827385191
1022,153,10.506550502327885
1022,191,11.084561018223908
1022,216,11.293365333943726
1023,14,11.745753891960423
1023,28,11.989579436970814
1023,42,13.216570820368306
1023,59,8.86886332586519
1023,70,8.859634473300357
1023,81,11.061995474136282
1023,174,11.78000976954719
1023,220,8.321868257547552
1021,16,5.764052161020581
1021,35,6.787908754270768
1021,65,8.251302528482382
1021,121,8.533721248952476
1021,158,5.251338427938663
1021,184,7.288907203595279
1021,227,6.535078305058995
1022,25,13.104571208663936
1022,48,13.302511393080769
1022,60,12.975803211342534
1022,74,12.898758448039436
1022,114,12.524271833216268
1022,136,12.508363013581336
1022,224,13.966085525960143
1022,241,10.582659546757672
1023,27,12.508404759964808
1023,41,11.64734184369979
1023,143,12.407285367360954
1023,200,12.658630676395102
1021,55,11.156453291349589
1021,70,10.879043278981747
1021,117,10.679448556775569
1021,140,11.005090484546125
1021,189,10.51025322751843
1021,201,7.120983200160154
1021,237,9.266238826152374
1022,36,13.47572223055868
1022,78,13.773166224794481
1022,126,12.730152997975086
1022,159,13.384970719276676
1022,184,13.569901953011366
1022,217,13.10348911793386
1023,66,12.83196610076281
1023,142,12.141668758709086
1023,195,11.885656796696901
1023,226,10.265400865411113
1021,74,7.997416436229989
1021,167,7.74467029027584
1022,29,12.985221870237137
1022,53,13.00468274098667
1022,69,13.4988737653987
1022,121,13.257922861621934
1022,124,13.025205053925408
1022,148,13.586840639344775
1022,196,12.894746817677444
1023,13,9.88150717814504
1023,39,9.225088475225606
1023,65,9.86795340037286
1023,77,10.278843823220692
1023,100,5.741862694076083
1023,132,6.023128472195233
1023,146,5.201310292363256
1023,166,5.2134338329701615
1023,171,10.185810298528361
1022,46,12.874707143716646
1022,79,13.017593957026765
1022,158,11.974734336528174
1022,171,11.945839234752977
1022,194,12.533531563153364
1022,209,12.569352856268738
1022,217,12.813322695540883
1023,2,11.588012092938595
1023,13,11.988633577417465
1023,38,10.689518725428083
1023,62,10.46915643161611
1023,76,10.215495492053313
1023,98,11.37940599495076
1023,126,12.525424666565769
FPAP,35,12.165876721371806
FPAP,34,10.059683967091663
FNN1,16,9.692854289141508
FNN1,32,13.725970181328432
FNN1,21,11.98033278171321
FNN1,31,14.48471395805463
FNN1,31,15.27530759860806
FNN1,47,14.230554046680236
FNN1,14,13.551007009552587
FNN1,28,15.1913452179738
FNN1,42,15.33658414638052
FNN1,25,12.286242782066687
FNN1,38,14.237077596588946
FNN1,12,9.832673014956658
FNN1,36,13.927055743269916
FNN1,41,9.413157332666675
